1751146950125 0.472819447517395 1
1751146950198 0.472819447517395 1
1751146950271 0.472819447517395 1
1751146950345 0.472819447517395 1
1751146950419 0.472819447517395 1
1751146950494 0.472819447517395 1
1751146950566 0.472819447517395 1
1751146950641 0.472819447517395 1
1751146950712 0.472819447517395 1
1751146950786 0.472819447517395 1
1751146950860 0.472819447517395 1
1751146950940 0.472819447517395 1
1751146951019 0.472819447517395 1
1751146951097 0.472819447517395 1
1751146951175 0.472819447517395 1
1751146951254 0.472819447517395 1
1751146951354 0.472819447517395 1
1751146951462 0.472819447517395 1
1751146951552 0.472819447517395 1
1751146951644 0.472819447517395 1
1751146951736 0.472819447517395 1
1751146951831 0.472819447517395 1
1751146951918 0.472819447517395 1
1751146952015 0.472819447517395 1
1751146952112 0.472819447517395 1
1751146952265 0.472819447517395 1
1751146952452 0.472819447517395 1
1751146952590 0.472819447517395 1
1751146952682 0.472819447517395 1
1751146952771 0.472819447517395 1
1751146952859 0.472819447517395 1
1751146952936 0.472819447517395 1
1751146953012 0.472819447517395 1
1751146953087 0.472819447517395 1
1751146953162 0.472819447517395 1
1751146953237 0.472819447517395 1
1751146953313 0.472819447517395 1
1751146953391 0.472819447517395 1
1751146953463 0.472819447517395 1
1751146953542 0.472819447517395 1
1751146953616 0.472819447517395 1
1751146953694 0.472819447517395 1
1751146953768 0.472819447517395 1
1751146953845 0.472819447517395 1
1751146953922 0.472819447517395 1
1751146954000 0.472819447517395 1
1751146954084 0.472819447517395 1
1751146954176 0.472819447517395 1
1751146954267 0.472819447517395 1
1751146954355 0.472819447517395 1
1751146954431 0.472819447517395 1
1751146954510 0.472819447517395 1
1751146954585 0.472819447517395 1
1751146954670 0.472819447517395 1
1751146954757 0.472819447517395 1
1751146954845 0.472819447517395 1
1751146954929 0.472819447517395 1
1751146955019 0.472819447517395 1
1751146955101 0.472819447517395 1
1751146955181 0.472819447517395 1
1751146955259 0.472819447517395 1
1751146955340 0.472819447517395 1
1751146955418 0.472819447517395 1
1751146955500 0.472819447517395 1
1751146955586 0.472819447517395 1
1751146955702 0.472819447517395 1
1751146955819 0.472819447517395 1
1751146955930 0.472819447517395 1
1751146956040 0.472819447517395 1
1751146956142 0.472819447517395 1
1751146956234 0.472819447517395 1
1751146956339 0.472819447517395 1
1751146956441 0.472819447517395 1
1751146956576 0.472819447517395 1
1751146956704 0.472819447517395 1
1751146956806 0.472819447517395 1
1751146956892 0.472819447517395 1
1751146956981 0.472819447517395 1
1751146957068 0.472819447517395 1
1751146957156 0.472819447517395 1
1751146957237 0.472819447517395 1
1751146957330 0.472819447517395 1
1751146957461 0.472819447517395 1
1751146957593 0.472819447517395 1
1751146957679 0.472819447517395 1
1751146957756 0.472819447517395 1
1751146957830 0.472819447517395 1
1751146957905 0.472819447517395 1
1751146957976 0.472819447517395 1
1751146958053 0.472819447517395 1
1751146958145 0.4569840729236603 2
1751146958226 0.4569840729236603 2
1751146958310 0.4569840729236603 2
1751146958390 0.4569840729236603 2
1751146958474 0.4569840729236603 2
1751146958555 0.4569840729236603 2
1751146958636 0.4569840729236603 2
1751146958719 0.4569840729236603 2
1751146958800 0.4569840729236603 2
1751146958883 0.4569840729236603 2
1751146958963 0.4569840729236603 2
1751146959045 0.4569840729236603 2
1751146959126 0.4569840729236603 2
1751146959209 0.4569840729236603 2
1751146959291 0.4569840729236603 2
1751146959374 0.4569840729236603 2
1751146959456 0.4569840729236603 2
1751146959540 0.4569840729236603 2
1751146959620 0.4569840729236603 2
1751146959702 0.4569840729236603 2
1751146959782 0.4569840729236603 2
1751146959865 0.4569840729236603 2
1751146959948 0.4569840729236603 2
1751146960038 0.4569840729236603 2
1751146960126 0.4569840729236603 2
1751146960217 0.4569840729236603 2
1751146960302 0.4569840729236603 2
1751146960390 0.4569840729236603 2
1751146960474 0.4569840729236603 2
1751146960563 0.4569840729236603 2
1751146960648 0.4569840729236603 2
1751146960736 0.4569840729236603 2
1751146960827 0.4569840729236603 2
1751146960918 0.4569840729236603 2
1751146960999 0.4569840729236603 2
1751146961083 0.4569840729236603 2
1751146961167 0.4569840729236603 2
1751146961250 0.4569840729236603 2
1751146961334 0.4569840729236603 2
1751146961417 0.4569840729236603 2
1751146961498 0.4569840729236603 2
1751146961582 0.4569840729236603 2
1751146961668 0.4569840729236603 2
1751146961771 0.4569840729236603 2
1751146961864 0.4569840729236603 2
1751146961965 0.4569840729236603 2
1751146962059 0.4569840729236603 2
1751146962152 0.4569840729236603 2
1751146962237 0.4569840729236603 2
1751146962324 0.4569840729236603 2
1751146962407 0.4569840729236603 2
1751146962492 0.4569840729236603 2
1751146962575 0.4569840729236603 2
1751146962660 0.4569840729236603 2
1751146962746 0.4569840729236603 2
1751146962832 0.4569840729236603 2
1751146962916 0.4569840729236603 2
1751146963002 0.4569840729236603 2
1751146963087 0.4569840729236603 2
1751146963173 0.4569840729236603 2
1751146963256 0.4569840729236603 2
1751146963342 0.4569840729236603 2
1751146963428 0.4569840729236603 2
1751146963514 0.4569840729236603 2
1751146963600 0.4569840729236603 2
1751146963688 0.4569840729236603 2
1751146963773 0.4569840729236603 2
1751146963860 0.4569840729236603 2
1751146963944 0.4569840729236603 2
1751146964031 0.4569840729236603 2
1751146964118 0.4569840729236603 2
1751146964204 0.4569840729236603 2
1751146964288 0.4569840729236603 2
1751146964369 0.4569840729236603 2
1751146964451 0.4569840729236603 2
1751146964532 0.4569840729236603 2
1751146964614 0.4569840729236603 2
1751146964697 0.4569840729236603 2
1751146964777 0.4569840729236603 2
1751146964857 0.4569840729236603 2
1751146964937 0.4569840729236603 2
1751146965018 0.4569840729236603 2
1751146965098 0.4569840729236603 2
1751146965179 0.4569840729236603 2
1751146965259 0.4569840729236603 2
1751146965340 0.4569840729236603 2
1751146965421 0.4569840729236603 2
1751146965502 0.4569840729236603 2
1751146965583 0.4569840729236603 2
1751146965669 0.4569840729236603 2
1751146965772 0.45751091837882996 3
1751146965866 0.45751091837882996 3
1751146965958 0.45751091837882996 3
1751146966055 0.45751091837882996 3
1751146966163 0.45751091837882996 3
1751146966321 0.45751091837882996 3
1751146966561 0.45751091837882996 3
1751146966760 0.45751091837882996 3
1751146967077 0.45751091837882996 3
1751146967231 0.45751091837882996 3
1751146967372 0.45751091837882996 3
1751146967503 0.45751091837882996 3
1751146967619 0.45751091837882996 3
1751146967727 0.45751091837882996 3
1751146967832 0.45751091837882996 3
1751146967923 0.45751091837882996 3
1751146968016 0.45751091837882996 3
1751146968108 0.45751091837882996 3
1751146968200 0.45751091837882996 3
1751146968291 0.45751091837882996 3
1751146968385 0.45751091837882996 3
1751146968478 0.45751091837882996 3
1751146968570 0.45751091837882996 3
1751146968662 0.45751091837882996 3
1751146968755 0.45751091837882996 3
1751146968847 0.45751091837882996 3
1751146968940 0.45751091837882996 3
1751146969032 0.45751091837882996 3
1751146969124 0.45751091837882996 3
1751146969216 0.45751091837882996 3
1751146969308 0.45751091837882996 3
1751146969400 0.45751091837882996 3
1751146969497 0.45751091837882996 3
1751146969590 0.45751091837882996 3
1751146969683 0.45751091837882996 3
1751146969776 0.45751091837882996 3
1751146969871 0.45751091837882996 3
1751146969965 0.45751091837882996 3
1751146970057 0.45751091837882996 3
1751146970150 0.45751091837882996 3
1751146970243 0.45751091837882996 3
1751146970335 0.45751091837882996 3
1751146970430 0.45751091837882996 3
1751146970525 0.45751091837882996 3
1751146970618 0.45751091837882996 3
1751146970713 0.45751091837882996 3
1751146970806 0.45751091837882996 3
1751146970901 0.45751091837882996 3
1751146970995 0.45751091837882996 3
1751146971090 0.45751091837882996 3
1751146971186 0.45751091837882996 3
1751146971282 0.45751091837882996 3
1751146971376 0.45751091837882996 3
1751146971471 0.45751091837882996 3
1751146971567 0.45751091837882996 3
1751146971664 0.45751091837882996 3
1751146971759 0.45751091837882996 3
1751146971854 0.45751091837882996 3
1751146971948 0.45751091837882996 3
1751146972045 0.45751091837882996 3
1751146972139 0.45751091837882996 3
1751146972233 0.45751091837882996 3
1751146972328 0.45751091837882996 3
1751146972425 0.45751091837882996 3
1751146972519 0.45751091837882996 3
1751146972614 0.45751091837882996 3
1751146972712 0.45751091837882996 3
1751146972812 0.45751091837882996 3
1751146972911 0.45751091837882996 3
1751146973010 0.45751091837882996 3
1751146973114 0.45751091837882996 3
1751146973223 0.45751091837882996 3
1751146973318 0.45751091837882996 3
1751146973415 0.45751091837882996 3
1751146973511 0.45751091837882996 3
1751146973612 0.45751091837882996 3
1751146973708 0.45751091837882996 3
1751146973803 0.45751091837882996 3
1751146973889 0.45751091837882996 3
1751146973980 0.45751091837882996 3
1751146974066 0.45751091837882996 3
1751146974157 0.45751091837882996 3
1751146974244 0.45751091837882996 3
1751146974335 0.45751091837882996 3
1751146974421 0.45751091837882996 3
1751146974513 0.45751091837882996 3
1751146974600 0.45751091837882996 3
1751146974691 0.45751091837882996 3
1751146974778 0.45751091837882996 3
1751146974869 0.45751091837882996 3
1751146974976 0.44717684388160706 4
1751146975076 0.44717684388160706 4
1751146975173 0.44717684388160706 4
1751146975273 0.44717684388160706 4
1751146975373 0.44717684388160706 4
1751146975477 0.44717684388160706 4
1751146975580 0.44717684388160706 4
1751146975681 0.44717684388160706 4
1751146975779 0.44717684388160706 4
1751146975880 0.44717684388160706 4
1751146976001 0.44717684388160706 4
1751146976106 0.44717684388160706 4
1751146976204 0.44717684388160706 4
1751146976305 0.44717684388160706 4
1751146976405 0.44717684388160706 4
1751146976503 0.44717684388160706 4
1751146976604 0.44717684388160706 4
1751146976705 0.44717684388160706 4
1751146976804 0.44717684388160706 4
1751146976903 0.44717684388160706 4
1751146977002 0.44717684388160706 4
1751146977103 0.44717684388160706 4
1751146977203 0.44717684388160706 4
1751146977302 0.44717684388160706 4
1751146977405 0.44717684388160706 4
1751146977507 0.44717684388160706 4
1751146977607 0.44717684388160706 4
1751146977706 0.44717684388160706 4
1751146977806 0.44717684388160706 4
1751146977908 0.44717684388160706 4
1751146978009 0.44717684388160706 4
1751146978109 0.44717684388160706 4
1751146978210 0.44717684388160706 4
1751146978310 0.44717684388160706 4
1751146978410 0.44717684388160706 4
1751146978511 0.44717684388160706 4
1751146978680 0.44717684388160706 4
1751146978892 0.44717684388160706 4
1751146979010 0.44717684388160706 4
1751146979121 0.44717684388160706 4
1751146979223 0.44717684388160706 4
1751146979325 0.44717684388160706 4
1751146979426 0.44717684388160706 4
1751146979528 0.44717684388160706 4
1751146979630 0.44717684388160706 4
1751146979736 0.44717684388160706 4
1751146979842 0.44717684388160706 4
1751146979945 0.44717684388160706 4
1751146980046 0.44717684388160706 4
1751146980148 0.44717684388160706 4
1751146980249 0.44717684388160706 4
1751146980351 0.44717684388160706 4
1751146980453 0.44717684388160706 4
1751146980555 0.44717684388160706 4
1751146980656 0.44717684388160706 4
1751146980758 0.44717684388160706 4
1751146980860 0.44717684388160706 4
1751146980963 0.44717684388160706 4
1751146981065 0.44717684388160706 4
1751146981169 0.44717684388160706 4
1751146981272 0.44717684388160706 4
1751146981374 0.44717684388160706 4
1751146981476 0.44717684388160706 4
1751146981579 0.44717684388160706 4
1751146981682 0.44717684388160706 4
1751146981784 0.44717684388160706 4
1751146981888 0.44717684388160706 4
1751146981991 0.44717684388160706 4
1751146982095 0.44717684388160706 4
1751146982199 0.44717684388160706 4
1751146982304 0.44717684388160706 4
1751146982410 0.44717684388160706 4
1751146982512 0.44717684388160706 4
1751146982609 0.44717684388160706 4
1751146982708 0.44717684388160706 4
1751146982805 0.44717684388160706 4
1751146982904 0.44717684388160706 4
1751146983000 0.44717684388160706 4
1751146983097 0.44717684388160706 4
1751146983194 0.44717684388160706 4
1751146983290 0.44717684388160706 4
1751146983387 0.44717684388160706 4
1751146983483 0.44717684388160706 4
1751146983580 0.44717684388160706 4
1751146983676 0.44717684388160706 4
1751146983774 0.44717684388160706 4
1751146983870 0.44717684388160706 4
1751146983968 0.44717684388160706 4
1751146984064 0.44717684388160706 4
1751146984165 0.44717684388160706 4
1751146984275 0.44546449184417725 5
1751146984382 0.44546449184417725 5
1751146984488 0.44546449184417725 5
1751146984596 0.44546449184417725 5
1751146984701 0.44546449184417725 5
1751146984815 0.44546449184417725 5
1751146984924 0.44546449184417725 5
1751146985035 0.44546449184417725 5
1751146985155 0.44546449184417725 5
1751146985279 0.44546449184417725 5
1751146985391 0.44546449184417725 5
1751146985507 0.44546449184417725 5
1751146985631 0.44546449184417725 5
1751146985795 0.44546449184417725 5
1751146985976 0.44546449184417725 5
1751146986104 0.44546449184417725 5
1751146986244 0.44546449184417725 5
1751146986404 0.44546449184417725 5
1751146986570 0.44546449184417725 5
1751146986732 0.44546449184417725 5
1751146986948 0.44546449184417725 5
1751146987154 0.44546449184417725 5
1751146987359 0.44546449184417725 5
1751146987507 0.44546449184417725 5
1751146987633 0.44546449184417725 5
1751146987764 0.44546449184417725 5
1751146987893 0.44546449184417725 5
1751146988086 0.44546449184417725 5
1751146988291 0.44546449184417725 5
1751146988426 0.44546449184417725 5
1751146988558 0.44546449184417725 5
1751146988668 0.44546449184417725 5
1751146988777 0.44546449184417725 5
1751146988886 0.44546449184417725 5
1751146988994 0.44546449184417725 5
1751146989106 0.44546449184417725 5
1751146989214 0.44546449184417725 5
1751146989324 0.44546449184417725 5
1751146989433 0.44546449184417725 5
1751146989545 0.44546449184417725 5
1751146989654 0.44546449184417725 5
1751146989764 0.44546449184417725 5
1751146989874 0.44546449184417725 5
1751146989984 0.44546449184417725 5
1751146990093 0.44546449184417725 5
1751146990211 0.44546449184417725 5
1751146990450 0.44546449184417725 5
1751146990564 0.44546449184417725 5
1751146990674 0.44546449184417725 5
1751146990784 0.44546449184417725 5
1751146990901 0.44546449184417725 5
1751146991023 0.44546449184417725 5
1751146991151 0.44546449184417725 5
1751146991278 0.44546449184417725 5
1751146991404 0.44546449184417725 5
1751146991523 0.44546449184417725 5
1751146991635 0.44546449184417725 5
1751146991746 0.44546449184417725 5
1751146991862 0.44546449184417725 5
1751146992004 0.44546449184417725 5
1751146992147 0.44546449184417725 5
1751146992280 0.44546449184417725 5
1751146992411 0.44546449184417725 5
1751146992542 0.44546449184417725 5
1751146992711 0.44546449184417725 5
1751146992930 0.44546449184417725 5
1751146993074 0.44546449184417725 5
1751146993206 0.44546449184417725 5
1751146993338 0.44546449184417725 5
1751146993459 0.44546449184417725 5
1751146993635 0.44546449184417725 5
1751146993870 0.44546449184417725 5
1751146993984 0.44546449184417725 5
1751146994092 0.44546449184417725 5
1751146994197 0.44546449184417725 5
1751146994302 0.44546449184417725 5
1751146994408 0.44546449184417725 5
1751146994513 0.44546449184417725 5
1751146994619 0.44546449184417725 5
1751146994724 0.44546449184417725 5
1751146994833 0.44546449184417725 5
1751146994938 0.44546449184417725 5
1751146995044 0.44546449184417725 5
1751146995150 0.44546449184417725 5
1751146995261 0.44546449184417725 5
1751146995367 0.44546449184417725 5
1751146995474 0.44546449184417725 5
1751146995581 0.44546449184417725 5
1751146995687 0.44546449184417725 5
1751146995796 0.44546449184417725 5
1751146995914 0.44540128111839294 6
1751146996028 0.44540128111839294 6
1751146996142 0.44540128111839294 6
1751146996256 0.44540128111839294 6
1751146996373 0.44540128111839294 6
1751146996490 0.44540128111839294 6
1751146996608 0.44540128111839294 6
1751146996730 0.44540128111839294 6
1751146996855 0.44540128111839294 6
1751146996992 0.44540128111839294 6
1751146997123 0.44540128111839294 6
1751146997258 0.44540128111839294 6
1751146997382 0.44540128111839294 6
1751146997501 0.44540128111839294 6
1751146997617 0.44540128111839294 6
1751146997737 0.44540128111839294 6
1751146997860 0.44540128111839294 6
1751146997985 0.44540128111839294 6
1751146998125 0.44540128111839294 6
1751146998282 0.44540128111839294 6
1751146998419 0.44540128111839294 6
1751146998559 0.44540128111839294 6
1751146998691 0.44540128111839294 6
1751146998828 0.44540128111839294 6
1751146999004 0.44540128111839294 6
1751146999259 0.44540128111839294 6
1751146999410 0.44540128111839294 6
1751146999549 0.44540128111839294 6
1751146999668 0.44540128111839294 6
1751146999786 0.44540128111839294 6
1751146999910 0.44540128111839294 6
1751147000027 0.44540128111839294 6
1751147000144 0.44540128111839294 6
1751147000263 0.44540128111839294 6
1751147000381 0.44540128111839294 6
1751147000499 0.44540128111839294 6
1751147000615 0.44540128111839294 6
1751147000735 0.44540128111839294 6
1751147000853 0.44540128111839294 6
1751147000973 0.44540128111839294 6
1751147001090 0.44540128111839294 6
1751147001211 0.44540128111839294 6
1751147001329 0.44540128111839294 6
1751147001447 0.44540128111839294 6
1751147001566 0.44540128111839294 6
1751147001687 0.44540128111839294 6
1751147001805 0.44540128111839294 6
1751147001922 0.44540128111839294 6
1751147002042 0.44540128111839294 6
1751147002160 0.44540128111839294 6
1751147002279 0.44540128111839294 6
1751147002407 0.44540128111839294 6
1751147002531 0.44540128111839294 6
1751147002657 0.44540128111839294 6
1751147002793 0.44540128111839294 6
1751147002925 0.44540128111839294 6
1751147003050 0.44540128111839294 6
1751147003172 0.44540128111839294 6
1751147003310 0.44540128111839294 6
1751147003471 0.44540128111839294 6
1751147003687 0.44540128111839294 6
1751147003920 0.44540128111839294 6
1751147004082 0.44540128111839294 6
1751147004252 0.44540128111839294 6
1751147004614 0.44540128111839294 6
1751147004871 0.44540128111839294 6
1751147005077 0.44540128111839294 6
1751147005331 0.44540128111839294 6
1751147005596 0.44540128111839294 6
1751147005801 0.44540128111839294 6
1751147006064 0.44540128111839294 6
1751147006267 0.44540128111839294 6
1751147006391 0.44540128111839294 6
1751147006507 0.44540128111839294 6
1751147006623 0.44540128111839294 6
1751147006737 0.44540128111839294 6
1751147006854 0.44540128111839294 6
1751147006969 0.44540128111839294 6
1751147007086 0.44540128111839294 6
1751147007202 0.44540128111839294 6
1751147007319 0.44540128111839294 6
1751147007434 0.44540128111839294 6
1751147007553 0.44540128111839294 6
1751147007670 0.44540128111839294 6
1751147007789 0.44540128111839294 6
1751147007907 0.44540128111839294 6
1751147008025 0.44540128111839294 6
1751147008149 0.44540128111839294 6
1751147008281 0.44540128111839294 6
1751147008412 0.44540128111839294 6
1751147008558 0.4508269429206848 7
1751147008689 0.4508269429206848 7
1751147008835 0.4508269429206848 7
1751147008997 0.4508269429206848 7
1751147009148 0.4508269429206848 7
1751147009302 0.4508269429206848 7
1751147009464 0.4508269429206848 7
1751147009624 0.4508269429206848 7
1751147009909 0.4508269429206848 7
1751147010095 0.4508269429206848 7
1751147010221 0.4508269429206848 7
1751147010347 0.4508269429206848 7
1751147010474 0.4508269429206848 7
1751147010601 0.4508269429206848 7
1751147011105 0.4508269429206848 7
1751147011234 0.4508269429206848 7
1751147011359 0.4508269429206848 7
1751147011486 0.4508269429206848 7
1751147011612 0.4508269429206848 7
1751147011737 0.4508269429206848 7
1751147011862 0.4508269429206848 7
1751147011988 0.4508269429206848 7
1751147012114 0.4508269429206848 7
1751147012240 0.4508269429206848 7
1751147012365 0.4508269429206848 7
1751147012494 0.4508269429206848 7
1751147012636 0.4508269429206848 7
1751147012771 0.4508269429206848 7
1751147012898 0.4508269429206848 7
1751147013026 0.4508269429206848 7
1751147013153 0.4508269429206848 7
1751147013283 0.4508269429206848 7
1751147013409 0.4508269429206848 7
1751147013537 0.4508269429206848 7
1751147013664 0.4508269429206848 7
1751147013799 0.4508269429206848 7
1751147013942 0.4508269429206848 7
1751147014083 0.4508269429206848 7
1751147014284 0.4508269429206848 7
1751147014544 0.4508269429206848 7
1751147014698 0.4508269429206848 7
1751147014839 0.4508269429206848 7
1751147014972 0.4508269429206848 7
1751147015128 0.4508269429206848 7
1751147015402 0.4508269429206848 7
1751147015590 0.4508269429206848 7
1751147015747 0.4508269429206848 7
1751147015881 0.4508269429206848 7
1751147016009 0.4508269429206848 7
1751147016140 0.4508269429206848 7
1751147016269 0.4508269429206848 7
1751147016397 0.4508269429206848 7
1751147016530 0.4508269429206848 7
1751147016662 0.4508269429206848 7
1751147016794 0.4508269429206848 7
1751147016923 0.4508269429206848 7
1751147017053 0.4508269429206848 7
1751147017182 0.4508269429206848 7
1751147017311 0.4508269429206848 7
1751147017440 0.4508269429206848 7
1751147017571 0.4508269429206848 7
1751147017703 0.4508269429206848 7
1751147017834 0.4508269429206848 7
1751147017976 0.4508269429206848 7
1751147018138 0.4508269429206848 7
1751147018279 0.4508269429206848 7
1751147018409 0.4508269429206848 7
1751147018538 0.4508269429206848 7
1751147018673 0.4508269429206848 7
1751147018805 0.4508269429206848 7
1751147018960 0.4508269429206848 7
1751147019138 0.4508269429206848 7
1751147019313 0.4508269429206848 7
1751147019533 0.4508269429206848 7
1751147019929 0.4508269429206848 7
1751147020305 0.4508269429206848 7
1751147020831 0.4508269429206848 7
1751147021710 0.4508269429206848 7
1751147022144 0.4508269429206848 7
1751147022453 0.4508269429206848 7
1751147022719 0.4508269429206848 7
1751147022924 0.4508269429206848 7
1751147023178 0.4508269429206848 7
1751147023374 0.4508269429206848 7
1751147023507 0.4508269429206848 7
1751147023631 0.4508269429206848 7
1751147023758 0.4508269429206848 7
1751147023883 0.4508269429206848 7
1751147024009 0.4508269429206848 7
1751147024137 0.4508269429206848 7
1751147024294 0.4558591842651367 8
1751147024428 0.4558591842651367 8
1751147024562 0.4558591842651367 8
1751147024698 0.4558591842651367 8
1751147024838 0.4558591842651367 8
1751147024979 0.4558591842651367 8
1751147025121 0.4558591842651367 8
1751147025263 0.4558591842651367 8
1751147025435 0.4558591842651367 8
1751147025581 0.4558591842651367 8
1751147025732 0.4558591842651367 8
1751147025874 0.4558591842651367 8
1751147026025 0.4558591842651367 8
1751147026227 0.4558591842651367 8
1751147026528 0.4558591842651367 8
1751147026691 0.4558591842651367 8
1751147026848 0.4558591842651367 8
1751147027005 0.4558591842651367 8
1751147027154 0.4558591842651367 8
1751147027290 0.4558591842651367 8
1751147027424 0.4558591842651367 8
1751147027560 0.4558591842651367 8
1751147027695 0.4558591842651367 8
1751147027830 0.4558591842651367 8
1751147027968 0.4558591842651367 8
1751147028101 0.4558591842651367 8
1751147028236 0.4558591842651367 8
1751147028371 0.4558591842651367 8
1751147028508 0.4558591842651367 8
1751147028645 0.4558591842651367 8
1751147028781 0.4558591842651367 8
1751147028919 0.4558591842651367 8
1751147029056 0.4558591842651367 8
1751147029194 0.4558591842651367 8
1751147029330 0.4558591842651367 8
1751147029466 0.4558591842651367 8
1751147029601 0.4558591842651367 8
1751147029737 0.4558591842651367 8
1751147030065 0.4558591842651367 8
1751147030229 0.4558591842651367 8
1751147030369 0.4558591842651367 8
1751147030505 0.4558591842651367 8
1751147030641 0.4558591842651367 8
1751147030785 0.4558591842651367 8
1751147030928 0.4558591842651367 8
1751147031077 0.4558591842651367 8
1751147031247 0.4558591842651367 8
1751147031401 0.4558591842651367 8
1751147031560 0.4558591842651367 8
1751147031723 0.4558591842651367 8
1751147031885 0.4558591842651367 8
1751147032152 0.4558591842651367 8
1751147032395 0.4558591842651367 8
1751147032601 0.4558591842651367 8
1751147032778 0.4558591842651367 8
1751147032935 0.4558591842651367 8
1751147033074 0.4558591842651367 8
1751147033212 0.4558591842651367 8
1751147033350 0.4558591842651367 8
1751147033488 0.4558591842651367 8
1751147033627 0.4558591842651367 8
1751147033764 0.4558591842651367 8
1751147033904 0.4558591842651367 8
1751147034043 0.4558591842651367 8
1751147034182 0.4558591842651367 8
1751147034322 0.4558591842651367 8
1751147034468 0.4558591842651367 8
1751147034606 0.4558591842651367 8
1751147034744 0.4558591842651367 8
1751147035083 0.4558591842651367 8
1751147035227 0.4558591842651367 8
1751147035373 0.4558591842651367 8
1751147035511 0.4558591842651367 8
1751147035691 0.4558591842651367 8
1751147035943 0.4558591842651367 8
1751147036108 0.4558591842651367 8
1751147036263 0.4558591842651367 8
1751147036411 0.4558591842651367 8
1751147036631 0.4558591842651367 8
1751147036832 0.4558591842651367 8
1751147036993 0.4558591842651367 8
1751147037154 0.4558591842651367 8
1751147037330 0.4558591842651367 8
1751147037567 0.4558591842651367 8
1751147037708 0.4558591842651367 8
1751147037842 0.4558591842651367 8
1751147037977 0.4558591842651367 8
1751147038111 0.4558591842651367 8
1751147038246 0.4558591842651367 8
1751147038382 0.4558591842651367 8
1751147038529 0.4468725323677063 9
1751147038668 0.4468725323677063 9
1751147038810 0.4468725323677063 9
1751147038950 0.4468725323677063 9
1751147039097 0.4468725323677063 9
1751147039238 0.4468725323677063 9
1751147039379 0.4468725323677063 9
1751147039520 0.4468725323677063 9
1751147039661 0.4468725323677063 9
1751147039803 0.4468725323677063 9
1751147039944 0.4468725323677063 9
1751147040084 0.4468725323677063 9
1751147040227 0.4468725323677063 9
1751147040367 0.4468725323677063 9
1751147040512 0.4468725323677063 9
1751147040653 0.4468725323677063 9
1751147040795 0.4468725323677063 9
1751147040936 0.4468725323677063 9
1751147041078 0.4468725323677063 9
1751147041221 0.4468725323677063 9
1751147041363 0.4468725323677063 9
1751147041505 0.4468725323677063 9
1751147041648 0.4468725323677063 9
1751147041791 0.4468725323677063 9
1751147041933 0.4468725323677063 9
1751147042078 0.4468725323677063 9
1751147042221 0.4468725323677063 9
1751147042365 0.4468725323677063 9
1751147042509 0.4468725323677063 9
1751147042654 0.4468725323677063 9
1751147042803 0.4468725323677063 9
1751147042948 0.4468725323677063 9
1751147043091 0.4468725323677063 9
1751147043236 0.4468725323677063 9
1751147043379 0.4468725323677063 9
1751147043526 0.4468725323677063 9
1751147043678 0.4468725323677063 9
1751147043841 0.4468725323677063 9
1751147043999 0.4468725323677063 9
1751147044152 0.4468725323677063 9
1751147044296 0.4468725323677063 9
1751147044441 0.4468725323677063 9
1751147044585 0.4468725323677063 9
1751147044730 0.4468725323677063 9
1751147044878 0.4468725323677063 9
1751147045022 0.4468725323677063 9
1751147045167 0.4468725323677063 9
1751147045313 0.4468725323677063 9
1751147045459 0.4468725323677063 9
1751147045604 0.4468725323677063 9
1751147045750 0.4468725323677063 9
1751147045896 0.4468725323677063 9
1751147046041 0.4468725323677063 9
1751147046187 0.4468725323677063 9
1751147046333 0.4468725323677063 9
1751147046480 0.4468725323677063 9
1751147046632 0.4468725323677063 9
1751147046785 0.4468725323677063 9
1751147046947 0.4468725323677063 9
1751147047225 0.4468725323677063 9
1751147047507 0.4468725323677063 9
1751147047696 0.4468725323677063 9
1751147047897 0.4468725323677063 9
1751147048097 0.4468725323677063 9
1751147048366 0.4468725323677063 9
1751147048553 0.4468725323677063 9
1751147048726 0.4468725323677063 9
1751147048875 0.4468725323677063 9
1751147049023 0.4468725323677063 9
1751147049170 0.4468725323677063 9
1751147049319 0.4468725323677063 9
1751147049467 0.4468725323677063 9
1751147049610 0.4468725323677063 9
1751147049752 0.4468725323677063 9
1751147049892 0.4468725323677063 9
1751147050032 0.4468725323677063 9
1751147050175 0.4468725323677063 9
1751147050316 0.4468725323677063 9
1751147050455 0.4468725323677063 9
1751147050596 0.4468725323677063 9
1751147050736 0.4468725323677063 9
1751147050876 0.4468725323677063 9
1751147051022 0.4468725323677063 9
1751147051163 0.4468725323677063 9
1751147051304 0.4468725323677063 9
1751147051446 0.4468725323677063 9
1751147051587 0.4468725323677063 9
1751147051728 0.4468725323677063 9
1751147051870 0.4468725323677063 9
1751147052011 0.4468725323677063 9
