1751146943423 0.5440099835395813 0
1751146943483 0.5283734798431396 0
1751146943541 0.5336503783861796 0
1751146943600 0.5225148797035217 0
1751146943656 0.5211187839508057 0
1751146943713 0.5227784117062887 0
1751146943776 0.5241828390530178 0
1751146943834 0.5267356932163239 0
1751146943895 0.5297631820042928 0
1751146943954 0.5303169906139373 0
1751146944012 0.5295125516978177 0
1751146944068 0.5298951069513956 0
1751146944127 0.5324329642149118 0
1751146944183 0.5360660212380546 0
1751146944245 0.5398732781410217 0
1751146944304 0.5421268530189991 0
1751146944366 0.5436790164779214 0
1751146944555 0.5450917051898109 0
1751146944613 0.5467274157624495 0
1751146944676 0.5481426537036895 0
1751146944734 0.5487812133062453 0
1751146944794 0.5495019311254675 0
1751146944848 0.5500785449276799 0
1751146944907 0.5502557307481766 0
1751146944961 0.5499544024467469 0
1751146945019 0.5493402274755331 0
1751146945074 0.5488560773708202 0
1751146945131 0.548357401575361 0
1751146945184 0.5476531817995268 0
1751146945240 0.5468864699204763 0
1751146945294 0.5458123107110301 0
1751146945353 0.5448808334767818 0
1751146945410 0.5438370722712893 0
1751146945471 0.5427265903528999 0
1751146945530 0.5418492146900722 0
1751146945588 0.540997690624661 0
1751146945645 0.540417450505334 0
1751146945708 0.5399918822865737 0
1751146945767 0.5394248763720194 0
1751146945827 0.5388918429613113 0
1751146945901 0.5383809645001482 0
1751146945980 0.5380984473796118 0
1751146946058 0.5378191124561221 0
1751146946134 0.5376183648001064 0
1751146946204 0.5375756594869826 0
1751146946261 0.5375847712807034 0
1751146946321 0.537487452334546 0
1751146946381 0.5376392814020315 0
1751146946437 0.537607234351489 0
1751146946498 0.5375739920139313 0
1751146946554 0.537632730661654 0
1751146946611 0.5375852538989141 0
1751146946684 0.5374845266342163 0
1751146946754 0.5373235168280425 0
1751146946833 0.5371782096949491 0
1751146946903 0.5371271137680326 0
1751146946966 0.5369920385511298 0
1751146947036 0.5368138839458597 0
1751146947127 0.5366764876802089 0
1751146947224 0.5366231272617976 0
1751146947327 0.536544810553066 0
1751146947458 0.5365303302964857 0
1751146947577 0.5364150442774334 0
1751146947689 0.5362668363377452 0
1751146947779 0.5360597436244671 0
1751146947902 0.5358652987263419 0
1751146948025 0.5356099596664087 0
1751146948110 0.5353810752139372 0
1751146948175 0.5351282660511957 0
1751146948242 0.5348420236791883 0
1751146948310 0.5345055788335665 0
1751146948439 0.5340733917223083 0
1751146948804 0.5340733917223083 0
1751146948856 0.5340733917223083 0
1751146948908 0.5340733917223083 0
1751146948957 0.5340733917223083 0
1751146949008 0.5340733917223083 0
1751146949058 0.5340733917223083 0
1751146949109 0.5340733917223083 0
1751146949160 0.5340733917223083 0
1751146949210 0.5340733917223083 0
1751146949260 0.5340733917223083 0
1751146949309 0.5340733917223083 0
1751146949358 0.5340733917223083 0
1751146949405 0.5340733917223083 0
1751146949454 0.5340733917223083 0
1751146949503 0.5340733917223083 0
1751146949552 0.5340733917223083 0
1751146949941 0.5340733917223083 0
1751146950134 0.5340733917223083 1
1751146950206 0.533668577671051 1
1751146950279 0.5332391439257441 1
1751146950354 0.5328357688585917 1
1751146950429 0.5323932637509546 1
1751146950502 0.5319335518719314 1
1751146950575 0.5314937035242716 1
1751146950649 0.5310282544999183 1
1751146950720 0.5306092228740453 1
1751146950795 0.5302284290025263 1
1751146950869 0.5298334073002745 1
1751146950950 0.5293832011969692 1
1751146951028 0.5289573715556235 1
1751146951106 0.5286126532975365 1
1751146951183 0.5283010439124218 1
1751146951265 0.5281028785239691 1
1751146951369 0.5278587886555628 1
1751146951474 0.5276151336310955 1
1751146951562 0.5273977991607454 1
1751146951655 0.5272127301483364 1
1751146951747 0.5270611323092295 1
1751146951841 0.5268418330659148 1
1751146951930 0.5265954032223276 1
1751146952027 0.5263175754170669 1
1751146952123 0.5260204887017608 1
1751146952290 0.5256691077320846 1
1751146952476 0.5252964563515722 1
1751146952602 0.5249577525890234 1
1751146952692 0.5245994037389755 1
1751146952782 0.524208409951465 1
1751146952868 0.5238230581961426 1
1751146952946 0.523383135645135 1
1751146953020 0.5229872313256447 1
1751146953096 0.5225711456366948 1
1751146953171 0.5221185026303777 1
1751146953246 0.5216785234825634 1
1751146953322 0.5212633744985969 1
1751146953400 0.5208972758109417 1
1751146953472 0.5205224543809891 1
1751146953551 0.5201224553155469 1
1751146953625 0.5197133562926736 1
1751146953703 0.5192844451001261 1
1751146953778 0.5188615099902738 1
1751146953854 0.518428268380787 1
1751146953932 0.5180191700828487 1
1751146954010 0.517657504377202 1
1751146954096 0.5173248368299613 1
1751146954186 0.5169706878041019 1
1751146954278 0.516704383244117 1
1751146954364 0.5164132588658451 1
1751146954441 0.5161631380925413 1
1751146954519 0.515955481829682 1
1751146954596 0.5157154356279681 1
1751146954682 0.5154657137393951 1
1751146954769 0.515204616718822 1
1751146954855 0.5149382444347922 1
1751146954941 0.5147068777587265 1
1751146955031 0.5144683508447898 1
1751146955111 0.5142200311789146 1
1751146955191 0.5140055618213333 1
1751146955268 0.5138391175053336 1
1751146955351 0.5136803484948954 1
1751146955428 0.5135392431002944 1
1751146955511 0.5133802387449476 1
1751146955607 0.5132107925327385 1
1751146955717 0.513018468000593 1
1751146955833 0.5128139279026916 1
1751146955947 0.5126008410676778 1
1751146956053 0.5124147091593061 1
1751146956153 0.5122302876296618 1
1751146956246 0.5120138081026749 1
1751146956353 0.5117782339766309 1
1751146956457 0.511497902787394 1
1751146956596 0.511497902787394 1
1751146956721 0.511497902787394 1
1751146956818 0.511497902787394 1
1751146956904 0.511497902787394 1
1751146956993 0.511497902787394 1
1751146957081 0.511497902787394 1
1751146957169 0.511497902787394 1
1751146957248 0.511497902787394 1
1751146957352 0.511497902787394 1
1751146957486 0.511497902787394 1
1751146957606 0.511497902787394 1
1751146957691 0.511497902787394 1
1751146957767 0.511497902787394 1
1751146957841 0.511497902787394 1
1751146957916 0.511497902787394 1
1751146957986 0.511497902787394 1
1751146958064 0.511497902787394 1
1751146958156 0.511497902787394 2
1751146958237 0.5112331624688773 2
1751146958320 0.5109616862992717 2
1751146958401 0.5106978586741856 2
1751146958484 0.5103982993074365 2
1751146958566 0.5101055758911491 2
1751146958647 0.5098338298002879 2
1751146958730 0.5095579789963779 2
1751146958811 0.5092871649877021 2
1751146958894 0.509047274885614 2
1751146958974 0.5087835835171984 2
1751146959056 0.5084986104119209 2
1751146959137 0.5082155116475545 2
1751146959220 0.5079577855623452 2
1751146959302 0.5077093239826492 2
1751146959385 0.5075294437273493 2
1751146959468 0.5073242999613286 2
1751146959552 0.5071123025802352 2
1751146959631 0.5069211112496294 2
1751146959713 0.5067492154843968 2
1751146959793 0.5065819973625788 2
1751146959877 0.5063756294322737 2
1751146959960 0.5061690762459513 2
1751146960052 0.5059518307268976 2
1751146960139 0.5057077597649324 2
1751146960229 0.5054461725012085 2
1751146960314 0.5051689900019589 2
1751146960402 0.5049184388235995 2
1751146960487 0.5046625806148662 2
1751146960576 0.5043943372765028 2
1751146960660 0.504117795790749 2
1751146960748 0.503815620456423 2
1751146960840 0.5035436398942362 2
1751146960930 0.5032720779631771 2
1751146961011 0.5030135127265801 2
1751146961095 0.502760476406726 2
1751146961179 0.5025127232074738 2
1751146961262 0.5022786208608533 2
1751146961346 0.5020279289929421 2
1751146961429 0.5017670743126686 2
1751146961510 0.5015113143169362 2
1751146961594 0.5012602066671527 2
1751146961681 0.5010019292434057 2
1751146961785 0.5007511286493291 2
1751146961878 0.5005131355942564 2
1751146961978 0.5002965536067094 2
1751146962071 0.5000866544874091 2
1751146962165 0.49986307845689865 2
1751146962249 0.49968850674728554 2
1751146962336 0.49949051370274833 2
1751146962418 0.4993082776512067 2
1751146962505 0.4991583078335493 2
1751146962588 0.49898514227599516 2
1751146962673 0.4988039739543411 2
1751146962759 0.498616289309781 2
1751146962844 0.498419474866522 2
1751146962929 0.49825252309441564 2
1751146963014 0.4980743269422161 2
1751146963100 0.49788702198184365 2
1751146963185 0.4976958101018896 2
1751146963269 0.4975464228613704 2
1751146963355 0.49740660350497173 2
1751146963440 0.4973099440046885 2
1751146963527 0.4971911085112659 2
1751146963612 0.49706858611450744 2
1751146963701 0.49692217970008484 2
1751146963785 0.4967670136973971 2
1751146963872 0.49659288720497025 2
1751146963957 0.49643576665306993 2
1751146964043 0.4962833113793476 2
1751146964131 0.4961175736144324 2
1751146964217 0.49594133385392125 2
1751146964301 0.4957351512103169 2
1751146964382 0.4957351512103169 2
1751146964464 0.4957351512103169 2
1751146964545 0.4957351512103169 2
1751146964627 0.4957351512103169 2
1751146964710 0.4957351512103169 2
1751146964790 0.4957351512103169 2
1751146964870 0.4957351512103169 2
1751146964950 0.4957351512103169 2
1751146965032 0.4957351512103169 2
1751146965112 0.4957351512103169 2
1751146965193 0.4957351512103169 2
1751146965273 0.4957351512103169 2
1751146965354 0.4957351512103169 2
1751146965435 0.4957351512103169 2
1751146965516 0.4957351512103169 2
1751146965596 0.4957351512103169 2
1751146965687 0.4957351512103169 2
1751146965787 0.4957351512103169 3
1751146965879 0.49553258545387724 3
1751146965972 0.49533558233615455 3
1751146966069 0.4951528373374242 3
1751146966180 0.4949471507560123 3
1751146966359 0.49474876202069795 3
1751146966595 0.4945549912549354 3
1751146966788 0.49435519423720015 3
1751146967100 0.49419319350272417 3
1751146967253 0.4940404642952813 3
1751146967393 0.49386623211666547 3
1751146967523 0.49367156992399747 3
1751146967636 0.49347781886657077 3
1751146967743 0.49330302773604745 3
1751146967846 0.4931298890839452 3
1751146967937 0.4929965597726566 3
1751146968030 0.49284961729727944 3
1751146968122 0.49269359127134726 3
1751146968214 0.4925407278232085 3
1751146968305 0.4924068475023229 3
1751146968399 0.4922841051119869 3
1751146968492 0.4921352437025384 3
1751146968585 0.49199560772971945 3
1751146968676 0.4918527018325598 3
1751146968770 0.4916944089035193 3
1751146968861 0.49152036697538065 3
1751146968955 0.4913407652831275 3
1751146969046 0.4911779333289268 3
1751146969138 0.49100086654795977 3
1751146969230 0.49081340213211216 3
1751146969323 0.49061889340722464 3
1751146969415 0.490403856825732 3
1751146969511 0.4902010870075995 3
1751146969605 0.4899969750858215 3
1751146969698 0.48977650570869447 3
1751146969791 0.4895860555162468 3
1751146969886 0.4894086545895016 3
1751146969979 0.4892453914103301 3
1751146970072 0.48906890801557407 3
1751146970165 0.48888376892781726 3
1751146970257 0.48869267106056213 3
1751146970350 0.4884978462054108 3
1751146970445 0.48830333964307177 3
1751146970539 0.48812271418718756 3
1751146970632 0.48794955748778124 3
1751146970728 0.4877888744133186 3
1751146970821 0.48763588264243296 3
1751146970916 0.48746535465291246 3
1751146971011 0.48731980630845734 3
1751146971105 0.487159326953708 3
1751146971201 0.48700330938611713 3
1751146971297 0.4868470062030835 3
1751146971393 0.48667841393556166 3
1751146971487 0.4865112746736817 3
1751146971583 0.48633391470820814 3
1751146971679 0.48615706857719987 3
1751146971774 0.4859966151416302 3
1751146971869 0.4858426711498163 3
1751146971964 0.4856809424440356 3
1751146972060 0.48551103245128285 3
1751146972154 0.4853615119405415 3
1751146972249 0.4852196129866025 3
1751146972344 0.4850961437328256 3
1751146972440 0.4849591162256015 3
1751146972534 0.4848120556346008 3
1751146972630 0.4846492888028087 3
1751146972728 0.48448361646621785 3
1751146972828 0.4843030530867223 3
1751146972927 0.4841440408162668 3
1751146973028 0.48399156060135157 3
1751146973131 0.4838212334609532 3
1751146973239 0.483640937439656 3
1751146973334 0.4834470846172836 3
1751146973431 0.4834470846172836 3
1751146973530 0.4834470846172836 3
1751146973630 0.4834470846172836 3
1751146973724 0.4834470846172836 3
1751146973819 0.4834470846172836 3
1751146973905 0.4834470846172836 3
1751146973996 0.4834470846172836 3
1751146974082 0.4834470846172836 3
1751146974173 0.4834470846172836 3
1751146974260 0.4834470846172836 3
1751146974351 0.4834470846172836 3
1751146974438 0.4834470846172836 3
1751146974529 0.4834470846172836 3
1751146974616 0.4834470846172836 3
1751146974707 0.4834470846172836 3
1751146974794 0.4834470846172836 3
1751146974885 0.4834470846172836 3
1751146974993 0.4834470846172836 4
1751146975093 0.483249334006161 4
1751146975190 0.48304642171695317 4
1751146975289 0.48285300584183527 4
1751146975392 0.4826397735574474 4
1751146975496 0.48244507331083253 4
1751146975597 0.48225420500550953 4
1751146975697 0.4820623525118424 4
1751146975796 0.4818901908961502 4
1751146975899 0.48172585791610306 4
1751146976019 0.48154638387612847 4
1751146976122 0.4813508999387556 4
1751146976221 0.4811629487077395 4
1751146976321 0.48100600785195236 4
1751146976422 0.4808506476168601 4
1751146976520 0.4807301386944925 4
1751146976621 0.4805935864385806 4
1751146976722 0.48045185569856985 4
1751146976821 0.4803222336021124 4
1751146976920 0.48020980965819343 4
1751146977019 0.4801123941486532 4
1751146977120 0.47999962788183714 4
1751146977220 0.4798792270883437 4
1751146977320 0.47975018189267715 4
1751146977422 0.4796075171385056 4
1751146977524 0.4794476520710479 4
1751146977624 0.4792777047415448 4
1751146977723 0.47911556240112063 4
1751146977823 0.4789411087013498 4
1751146977925 0.4787624245186333 4
1751146978026 0.47858257048160024 4
1751146978126 0.47838750005142067 4
1751146978227 0.4782038123346865 4
1751146978327 0.47802042311225723 4
1751146978428 0.477828780779187 4
1751146978531 0.4776372372550492 4
1751146978726 0.4774500118729509 4
1751146978914 0.47728565124365 4
1751146979030 0.4771285999589171 4
1751146979139 0.47696625985865926 4
1751146979241 0.4768007622077698 4
1751146979342 0.4766308266703481 4
1751146979444 0.47646743646173767 4
1751146979546 0.47631374334640736 4
1751146979648 0.47616548531026726 4
1751146979755 0.4760234040003997 4
1751146979860 0.4758865143546087 4
1751146979962 0.47573742528459917 4
1751146980064 0.47560252240371137 4
1751146980166 0.4754555439383057 4
1751146980267 0.4753140338955546 4
1751146980369 0.47518462144871376 4
1751146980471 0.47505236346932017 4
1751146980573 0.4749247361837594 4
1751146980674 0.4748000889493708 4
1751146980776 0.4746800042449907 4
1751146980878 0.4745817404500274 4
1751146980981 0.4744745866112087 4
1751146981084 0.47436573679392047 4
1751146981187 0.47426609381475093 4
1751146981290 0.47417163609088153 4
1751146981392 0.47409877488469665 4
1751146981495 0.4740384262800217 4
1751146981597 0.4739697685099056 4
1751146981700 0.4738983559337529 4
1751146981803 0.47381013640263264 4
1751146981906 0.4737125809414912 4
1751146982010 0.47360297080496666 4
1751146982114 0.4734989981470483 4
1751146982218 0.47339677927540796 4
1751146982323 0.4732824389994477 4
1751146982429 0.4731591645223517 4
1751146982530 0.47301633291774325 4
1751146982628 0.47301633291774325 4
1751146982726 0.47301633291774325 4
1751146982824 0.47301633291774325 4
1751146982923 0.47301633291774325 4
1751146983019 0.47301633291774325 4
1751146983116 0.47301633291774325 4
1751146983212 0.47301633291774325 4
1751146983309 0.47301633291774325 4
1751146983406 0.47301633291774325 4
1751146983502 0.47301633291774325 4
1751146983598 0.47301633291774325 4
1751146983695 0.47301633291774325 4
1751146983793 0.47301633291774325 4
1751146983889 0.47301633291774325 4
1751146983987 0.47301633291774325 4
1751146984083 0.47301633291774325 4
1751146984184 0.47301633291774325 4
1751146984294 0.47301633291774325 5
1751146984401 0.4728754791031254 5
1751146984507 0.47273267418640097 5
1751146984615 0.4725957437323473 5
1751146984720 0.4724452419431655 5
1751146984834 0.47229969909746355 5
1751146984944 0.4721545528192989 5
1751146985057 0.4720127032790587 5
1751146985178 0.4718830314991267 5
1751146985299 0.471762935078241 5
1751146985411 0.47163100605075425 5
1751146985529 0.4714863643331348 5
1751146985654 0.4713550947045767 5
1751146985829 0.47123870133714446 5
1751146986003 0.4711319875111554 5
1751146986129 0.4710454182624817 5
1751146986273 0.47094796693071406 5
1751146986430 0.470850756772317 5
1751146986603 0.47076496032495346 5
1751146986767 0.4706840946051565 5
1751146986986 0.47061845864120283 5
1751146987194 0.47053678384603165 5
1751146987388 0.4704515554049876 5
1751146987530 0.47035887448345715 5
1751146987656 0.4702593847177923 5
1751146987787 0.47014702272105524 5
1751146987918 0.47003340914150593 5
1751146988137 0.4699223865526283 5
1751146988319 0.469806305449648 5
1751146988451 0.46968208050360105 5
1751146988579 0.46955412809665387 5
1751146988689 0.46941317393041937 5
1751146988797 0.46928232360859307 5
1751146988906 0.4691461788030678 5
1751146989015 0.46899927766795085 5
1751146989126 0.46885839549801017 5
1751146989235 0.4687176787793034 5
1751146989344 0.4685896625296595 5
1751146989454 0.46846748851052483 5
1751146989565 0.4683397416781662 5
1751146989675 0.468214852809906 5
1751146989785 0.46808537625315183 5
1751146989894 0.4679628148007749 5
1751146990004 0.4678402673221995 5
1751146990114 0.46771802030282444 5
1751146990255 0.4676183882318897 5
1751146990471 0.4675256916748479 5
1751146990585 0.4674232215494723 5
1751146990695 0.4673450151640995 5
1751146990805 0.4672578501817941 5
1751146990923 0.46718260885738744 5
1751146991048 0.4671223707442736 5
1751146991176 0.46705508420189606 5
1751146991302 0.46697892613041486 5
1751146991428 0.4668968747491422 5
1751146991544 0.4668150803410863 5
1751146991657 0.4667483778097309 5
1751146991768 0.46667020998412756 5
1751146991885 0.46658720774798873 5
1751146992032 0.4665053283400069 5
1751146992173 0.46642898917198183 5
1751146992305 0.46635789967489355 5
1751146992436 0.46629151998537977 5
1751146992570 0.46622033385520284 5
1751146992753 0.4661476919954678 5
1751146992961 0.46606867025880255 5
1751146993098 0.46598524379898126 5
1751146993233 0.46589318901928584 5
1751146993360 0.46581823719996157 5
1751146993485 0.46574148174488184 5
1751146993693 0.46565345366333805 5
1751146993894 0.4655610419757958 5
1751146994006 0.46545740292855986 5
1751146994113 0.46545740292855986 5
1751146994218 0.46545740292855986 5
1751146994323 0.46545740292855986 5
1751146994430 0.46545740292855986 5
1751146994534 0.46545740292855986 5
1751146994641 0.46545740292855986 5
1751146994746 0.46545740292855986 5
1751146994854 0.46545740292855986 5
1751146994960 0.46545740292855986 5
1751146995066 0.46545740292855986 5
1751146995172 0.46545740292855986 5
1751146995283 0.46545740292855986 5
1751146995389 0.46545740292855986 5
1751146995496 0.46545740292855986 5
1751146995603 0.46545740292855986 5
1751146995709 0.46545740292855986 5
1751146995818 0.46545740292855986 5
1751146995936 0.46545740292855986 6
1751146996050 0.46535711310476957 6
1751146996164 0.46525605228914096 6
1751146996279 0.46516073620182347 6
1751146996395 0.4650595308443822 6
1751146996512 0.4649619080245631 6
1751146996630 0.4648669050436586 6
1751146996754 0.46476903849690815 6
1751146996883 0.4646780522709543 6
1751146997018 0.4645891334194175 6
1751146997150 0.46449235580625575 6
1751146997284 0.4643852926672985 6
1751146997404 0.46428275625179477 6
1751146997523 0.46419931777407614 6
1751146997639 0.4641339305804984 6
1751146997761 0.4640837589099637 6
1751146997884 0.4640229480074985 6
1751146998009 0.46396248530438855 6
1751146998156 0.46391011363930174 6
1751146998309 0.46385813129450426 6
1751146998446 0.46381778909569293 6
1751146998584 0.4637638054146672 6
1751146998718 0.4637135933543092 6
1751146998856 0.46365888727890264 6
1751146999049 0.4635948098934533 6
1751146999294 0.4635175974546428 6
1751146999437 0.4634312214939875 6
1751146999573 0.4633546526135962 6
1751146999691 0.46327461127353753 6
1751146999810 0.4631924151469208 6
1751146999933 0.4631048457060025 6
1751147000050 0.4630076783522159 6
1751147000167 0.4629137874420347 6
1751147000287 0.4628280507620945 6
1751147000404 0.4627331613598975 6
1751147000522 0.4626402023389967 6
1751147000638 0.4625522601935599 6
1751147000759 0.4624798320122619 6
1751147000876 0.4624089295559741 6
1751147000996 0.46233611337191993 6
1751147001113 0.46226252527055095 6
1751147001234 0.4621844398168882 6
1751147001352 0.4621101742303824 6
1751147001470 0.4620402950362155 6
1751147001590 0.461980362900165 6
1751147001710 0.4619253786979731 6
1751147001828 0.46187268534215425 6
1751147001946 0.4618088457430081 6
1751147002066 0.4617634198938807 6
1751147002184 0.4617074871137583 6
1751147002303 0.4616580400847795 6
1751147002430 0.4616149125879102 6
1751147002555 0.46156082320804437 6
1751147002684 0.46150413395203266 6
1751147002819 0.46144148805504476 6
1751147002949 0.4613842161284335 6
1751147003074 0.46133450223285644 6
1751147003197 0.461275099915717 6
1751147003343 0.4612089435664975 6
1751147003501 0.4611426117828082 6
1751147003752 0.4610832051290729 6
1751147003954 0.4610210938821216 6
1751147004112 0.4609644731529329 6
1751147004297 0.4608999635836091 6
1751147004678 0.46083156566225714 6
1751147004914 0.46075402616974814 6
1751147005121 0.4606731440049099 6
1751147005388 0.4605848967192885 6
1751147005640 0.46050692731142046 6
1751147005846 0.4604303787449401 6
1751147006118 0.4603452623127941 6
1751147006296 0.460253078764523 6
1751147006416 0.460149273571987 6
1751147006531 0.460149273571987 6
1751147006647 0.460149273571987 6
1751147006761 0.460149273571987 6
1751147006879 0.460149273571987 6
1751147006993 0.460149273571987 6
1751147007111 0.460149273571987 6
1751147007227 0.460149273571987 6
1751147007344 0.460149273571987 6
1751147007460 0.460149273571987 6
1751147007578 0.460149273571987 6
1751147007696 0.460149273571987 6
1751147007814 0.460149273571987 6
1751147007932 0.460149273571987 6
1751147008052 0.460149273571987 6
1751147008178 0.460149273571987 6
1751147008309 0.460149273571987 6
1751147008441 0.460149273571987 6
1751147008584 0.460149273571987 7
1751147008716 0.4600464302714508 7
1751147008868 0.4599387026704818 7
1751147009027 0.4598390199611408 7
1751147009177 0.4597303477797921 7
1751147009340 0.45962616748566243 7
1751147009494 0.45952527885343514 7
1751147009674 0.45942283673995626 7
1751147009965 0.45932918012840673 7
1751147010123 0.45923699371763604 7
1751147010247 0.45913549445946394 7
1751147010373 0.4590241326869113 7
1751147010499 0.45890993746214137 7
1751147010626 0.45881009338211043 7
1751147011131 0.45872059803901954 7
1751147011259 0.4586438425244164 7
1751147011384 0.45856079487846446 7
1751147011512 0.4584757915613976 7
1751147011638 0.45840340772807825 7
1751147011763 0.4583410032620621 7
1751147011888 0.45829164407407963 7
1751147012014 0.4582333467687879 7
1751147012140 0.4581760569217087 7
1751147012266 0.4581116423774263 7
1751147012391 0.45803907705527364 7
1751147012521 0.4579550892621673 7
1751147012666 0.45786611977613195 7
1751147012797 0.457777716457956 7
1751147012924 0.45768596590461585 7
1751147013051 0.45759094510695725 7
1751147013179 0.4574927823820364 7
1751147013309 0.45738434847270215 7
1751147013435 0.4572849658442967 7
1751147013563 0.45718716392969955 7
1751147013691 0.4570836393806571 7
1751147013828 0.4569802305251636 7
1751147013970 0.45688468129546556 7
1751147014114 0.45680049138897666 7
1751147014352 0.4567122536941648 7
1751147014578 0.45662006444913467 7
1751147014729 0.4565252957536894 7
1751147014866 0.4564265744401774 7
1751147015001 0.45633591094733156 7
1751147015165 0.4562449292356397 7
1751147015453 0.456159793873773 7
1751147015621 0.4560848898466385 7
1751147015777 0.4560110992193222 7
1751147015907 0.45592796423906856 7
1751147016036 0.4558632704226867 7
1751147016167 0.45579157734650166 7
1751147016295 0.45572856719528293 7
1751147016423 0.45566923065228504 7
1751147016558 0.4556033947377754 7
1751147016688 0.4555325134117257 7
1751147016821 0.455460939409485 7
1751147016950 0.4553882843799796 7
1751147017080 0.45532981556441104 7
1751147017209 0.45526839221650056 7
1751147017338 0.45520316000722905 7
1751147017467 0.45513571383262824 7
1751147017599 0.4550744366455585 7
1751147017730 0.4550167268356391 7
1751147017861 0.4549684467669511 7
1751147018010 0.45491587826604357 7
1751147018173 0.4548586869848446 7
1751147018306 0.45479104085211597 7
1751147018435 0.454719228702679 7
1751147018569 0.4546421498008033 7
1751147018700 0.4545727060078741 7
1751147018835 0.4545059797027348 7
1751147018993 0.45443242051044824 7
1751147019172 0.4543537786214248 7
1751147019358 0.4542636879098912 7
1751147019635 0.4542636879098912 7
1751147019998 0.4542636879098912 7
1751147020413 0.4542636879098912 7
1751147021194 0.4542636879098912 7
1751147021812 0.4542636879098912 7
1751147022214 0.4542636879098912 7
1751147022512 0.4542636879098912 7
1751147022767 0.4542636879098912 7
1751147022973 0.4542636879098912 7
1751147023239 0.4542636879098912 7
1751147023406 0.4542636879098912 7
1751147023535 0.4542636879098912 7
1751147023659 0.4542636879098912 7
1751147023786 0.4542636879098912 7
1751147023911 0.4542636879098912 7
1751147024037 0.4542636879098912 7
1751147024165 0.4542636879098912 7
1751147024322 0.4542636879098912 8
1751147024456 0.45416825550061163 8
1751147024590 0.45407443671490494 8
1751147024728 0.45398928438649483 8
1751147024867 0.4538959698944256 8
1751147025009 0.45380761506430256 8
1751147025151 0.45371824385169446 8
1751147025296 0.4536255003044168 8
1751147025470 0.45354697562447965 8
1751147025611 0.4534758418034285 8
1751147025762 0.4533959989254792 8
1751147025903 0.45330866226955 8
1751147026059 0.4532199914053995 8
1751147026302 0.45314276061559977 8
1751147026565 0.45307058328289096 8
1751147026724 0.4530140317837801 8
1751147026881 0.4529497476445662 8
1751147027037 0.4528830009708919 8
1751147027183 0.4528227305974222 8
1751147027319 0.452767736320736 8
1751147027452 0.4527203702186578 8
1751147027588 0.45266272040268085 8
1751147027724 0.452604694460148 8
1751147027859 0.45254315313990406 8
1751147027996 0.45247469455003736 8
1751147028129 0.45239692866901393 8
1751147028265 0.45231391826143297 8
1751147028400 0.4522369759493997 8
1751147028537 0.45215275385324527 8
1751147028674 0.45206825703628795 8
1751147028810 0.45198167575271214 8
1751147028948 0.4518870164868859 8
1751147029085 0.4517982449676645 8
1751147029223 0.45170376389876177 8
1751147029359 0.45160602316504617 8
1751147029495 0.45151010428825106 8
1751147029630 0.4514159829008813 8
1751147029806 0.45133067353903566 8
1751147030104 0.4512430041640123 8
1751147030260 0.45115386703150057 8
1751147030398 0.45106228799014897 8
1751147030534 0.450967352529399 8
1751147030672 0.45087229453244254 8
1751147030816 0.4507826755909619 8
1751147030959 0.4507008129550565 8
1751147031109 0.45063552725910183 8
1751147031282 0.4505710459502947 8
1751147031434 0.45049873405819335 8
1751147031595 0.4504301552780164 8
1751147031758 0.4503546019077301 8
1751147031923 0.4502869618776888 8
1751147032217 0.45022385647042135 8
1751147032436 0.45015682768859683 8
1751147032643 0.4500882964350271 8
1751147032812 0.45001614510066923 8
1751147032965 0.44994657981414615 8
1751147033103 0.4498892753750463 8
1751147033242 0.449832821155988 8
1751147033380 0.44977681385793894 8
1751147033518 0.4497192144863249 8
1751147033656 0.44967037659583603 8
1751147033794 0.44962228233436213 8
1751147033934 0.44957694238442986 8
1751147034073 0.44952526282816424 8
1751147034212 0.4494729718659073 8
1751147034352 0.44941394205398383 8
1751147034497 0.4493501565166723 8
1751147034636 0.4492796744751522 8
1751147034774 0.44921622920480575 8
1751147035112 0.4491562154866004 8
1751147035257 0.4490886408570381 8
1751147035403 0.4490152107324261 8
1751147035546 0.4489309535258346 8
1751147035751 0.4489309535258346 8
1751147035984 0.4489309535258346 8
1751147036143 0.4489309535258346 8
1751147036294 0.4489309535258346 8
1751147036449 0.4489309535258346 8
1751147036684 0.4489309535258346 8
1751147036869 0.4489309535258346 8
1751147037029 0.4489309535258346 8
1751147037189 0.4489309535258346 8
1751147037385 0.4489309535258346 8
1751147037601 0.4489309535258346 8
1751147037739 0.4489309535258346 8
1751147037872 0.4489309535258346 8
1751147038007 0.4489309535258346 8
1751147038141 0.4489309535258346 8
1751147038277 0.4489309535258346 8
1751147038413 0.4489309535258346 8
1751147038560 0.4489309535258346 9
1751147038699 0.4488474248186649 9
1751147038840 0.44876703743751234 9
1751147038980 0.44869341874085994 9
1751147039128 0.4486128951142902 9
1751147039268 0.44854045840719026 9
1751147039410 0.4484701017174152 9
1751147039551 0.4483961407009882 9
1751147039693 0.44832490811624176 9
1751147039833 0.4482587093269081 9
1751147039975 0.4481853606309572 9
1751147040115 0.4481040834928319 9
1751147040258 0.4480205738183224 9
1751147040399 0.44795065608760415 9
1751147040543 0.447885398238087 9
1751147040683 0.4478417292889067 9
1751147040826 0.4477905224874077 9
1751147040967 0.4477365989882247 9
1751147041109 0.4476828189852001 9
1751147041252 0.4476334073286185 9
1751147041394 0.4475896029236788 9
1751147041536 0.44753676341075355 9
1751147041679 0.447484761076187 9
1751147041822 0.4474266879871243 9
1751147041964 0.44736164604269324 9
1751147042109 0.44728977001793846 9
1751147042253 0.4472148060710211 9
1751147042397 0.447147841586007 9
1751147042540 0.44707552334789696 9
1751147042685 0.44700007833969646 9
1751147042835 0.44692150246253054 9
1751147042979 0.44683720542334665 9
1751147043122 0.4467617516131962 9
1751147043267 0.4466872161443013 9
1751147043411 0.44660841234443477 9
1751147043559 0.44653184962831166 9
1751147043714 0.4464577596351417 9
1751147043877 0.4463923888919997 9
1751147044033 0.44632385844913236 9
1751147044184 0.4462491086476755 9
1751147044328 0.4461728965560364 9
1751147044473 0.44609254425599715 9
1751147044617 0.4460138487211172 9
1751147044763 0.44593952749296484 9
1751147044910 0.4458725538126306 9
1751147045054 0.44581405773307337 9
1751147045199 0.4457597671994558 9
1751147045345 0.4456993109030689 9
1751147045491 0.4456501417290205 9
1751147045636 0.4455956591338646 9
1751147045782 0.44554595461376756 9
1751147045928 0.4455009270805828 9
1751147046074 0.44545233513627736 9
1751147046219 0.4454060346525848 9
1751147046365 0.4453589712877219 9
1751147046512 0.44531143288185043 9
1751147046666 0.4452702842906795 9
1751147046819 0.44522415729279213 9
1751147046986 0.44517775259848696 9
1751147047328 0.4451334543494558 9
1751147047548 0.44509677786779944 9
1751147047741 0.4450625027772906 9
1751147047944 0.44503468980251903 9
1751147048149 0.44500241479960845 9
1751147048413 0.44496519817562585 9
1751147048592 0.44492264077339067 9
1751147048759 0.4448773306624896 9
1751147048908 0.44482581798846904 9
1751147049056 0.4447791329142768 9
1751147049204 0.4447329360653998 9
1751147049352 0.444682417556768 9
1751147049500 0.44462779143589426 9
1751147049644 0.4445639195541541 9
1751147049784 0.4445639195541541 9
1751147049925 0.4445639195541541 9
1751147050065 0.4445639195541541 9
1751147050208 0.4445639195541541 9
1751147050348 0.4445639195541541 9
1751147050488 0.4445639195541541 9
1751147050629 0.4445639195541541 9
1751147050769 0.4445639195541541 9
1751147050909 0.4445639195541541 9
1751147051056 0.4445639195541541 9
1751147051197 0.4445639195541541 9
1751147051338 0.4445639195541541 9
1751147051479 0.4445639195541541 9
1751147051620 0.4445639195541541 9
1751147051762 0.4445639195541541 9
1751147051903 0.4445639195541541 9
1751147052045 0.4445639195541541 9
1751146943423 0.5440099835395813 0
1751146943483 0.5283734798431396 0
1751146943541 0.5336503783861796 0
1751146943600 0.5225148797035217 0
1751146943656 0.5211187839508057 0
1751146943713 0.5227784117062887 0
1751146943776 0.5241828390530178 0
1751146943834 0.5267356932163239 0
1751146943895 0.5297631820042928 0
1751146943954 0.5303169906139373 0
1751146944012 0.5295125516978177 0
1751146944068 0.5298951069513956 0
1751146944127 0.5324329642149118 0
1751146944183 0.5360660212380546 0
1751146944245 0.5398732781410217 0
1751146944304 0.5421268530189991 0
1751146944366 0.5436790164779214 0
1751146944555 0.5450917051898109 0
1751146944613 0.5467274157624495 0
1751146944676 0.5481426537036895 0
1751146944734 0.5487812133062453 0
1751146944794 0.5495019311254675 0
1751146944848 0.5500785449276799 0
1751146944907 0.5502557307481766 0
1751146944961 0.5499544024467469 0
1751146945019 0.5493402274755331 0
1751146945074 0.5488560773708202 0
1751146945131 0.548357401575361 0
1751146945184 0.5476531817995268 0
1751146945240 0.5468864699204763 0
1751146945294 0.5458123107110301 0
1751146945353 0.5448808334767818 0
1751146945410 0.5438370722712893 0
1751146945471 0.5427265903528999 0
1751146945530 0.5418492146900722 0
1751146945588 0.540997690624661 0
1751146945645 0.540417450505334 0
1751146945708 0.5399918822865737 0
1751146945767 0.5394248763720194 0
1751146945827 0.5388918429613113 0
1751146945901 0.5383809645001482 0
1751146945980 0.5380984473796118 0
1751146946058 0.5378191124561221 0
1751146946134 0.5376183648001064 0
1751146946204 0.5375756594869826 0
1751146946261 0.5375847712807034 0
1751146946321 0.537487452334546 0
1751146946381 0.5376392814020315 0
1751146946437 0.537607234351489 0
1751146946498 0.5375739920139313 0
1751146946554 0.537632730661654 0
1751146946611 0.5375852538989141 0
1751146946684 0.5374845266342163 0
1751146946754 0.5373235168280425 0
1751146946833 0.5371782096949491 0
1751146946903 0.5371271137680326 0
1751146946966 0.5369920385511298 0
1751146947036 0.5368138839458597 0
1751146947127 0.5366764876802089 0
1751146947224 0.5366231272617976 0
1751146947327 0.536544810553066 0
1751146947458 0.5365303302964857 0
1751146947577 0.5364150442774334 0
1751146947689 0.5362668363377452 0
1751146947779 0.5360597436244671 0
1751146947902 0.5358652987263419 0
1751146948025 0.5356099596664087 0
1751146948110 0.5353810752139372 0
1751146948175 0.5351282660511957 0
1751146948242 0.5348420236791883 0
1751146948310 0.5345055788335665 0
1751146948439 0.5340733917223083 0
1751146948804 0.5340733917223083 0
1751146948856 0.5340733917223083 0
1751146948908 0.5340733917223083 0
1751146948957 0.5340733917223083 0
1751146949008 0.5340733917223083 0
1751146949058 0.5340733917223083 0
1751146949109 0.5340733917223083 0
1751146949160 0.5340733917223083 0
1751146949210 0.5340733917223083 0
1751146949260 0.5340733917223083 0
1751146949309 0.5340733917223083 0
1751146949358 0.5340733917223083 0
1751146949405 0.5340733917223083 0
1751146949454 0.5340733917223083 0
1751146949503 0.5340733917223083 0
1751146949552 0.5340733917223083 0
1751146949941 0.5340733917223083 0
