1751143774186 0.8080607652664185 0 46da8700866542d08f2783abbad37614
1751143774211 0.7986122071743011 0 46da8700866542d08f2783abbad37614
1751143774234 0.7997776468594869 0 46da8700866542d08f2783abbad37614
1751143774255 0.803165927529335 0 46da8700866542d08f2783abbad37614
1751143774278 0.8017413377761841 0 46da8700866542d08f2783abbad37614
1751143774298 0.7982621391614279 0 46da8700866542d08f2783abbad37614
1751143774317 0.7952843308448792 0 46da8700866542d08f2783abbad37614
1751143774336 0.7910676896572113 0 46da8700866542d08f2783abbad37614
1751143774355 0.7869037124845717 0 46da8700866542d08f2783abbad37614
1751143774373 0.7819370985031128 0 46da8700866542d08f2783abbad37614
1751143774395 0.7779721617698669 0 46da8700866542d08f2783abbad37614
1751143774415 0.7742966810862223 0 46da8700866542d08f2783abbad37614
1751143774434 0.7707296701577994 0 46da8700866542d08f2783abbad37614
1751143774453 0.7674347971166883 0 46da8700866542d08f2783abbad37614
1751143774471 0.7640958388646444 0 46da8700866542d08f2783abbad37614
1751143774490 0.7610739283263683 0 46da8700866542d08f2783abbad37614
1751143774509 0.7581704890026766 0 46da8700866542d08f2783abbad37614
1751143774528 0.7555702990955777 0 46da8700866542d08f2783abbad37614
1751143774550 0.7531113373605829 0 46da8700866542d08f2783abbad37614
1751143774570 0.7508484959602356 0 46da8700866542d08f2783abbad37614
1751143774590 0.7488420378594172 0 46da8700866542d08f2783abbad37614
1751143774609 0.7469744926149194 0 46da8700866542d08f2783abbad37614
1751143774629 0.7452384933181431 0 46da8700866542d08f2783abbad37614
1751143774648 0.7436295673251152 0 46da8700866542d08f2783abbad37614
1751143774669 0.7421486043930053 0 46da8700866542d08f2783abbad37614
1751143774690 0.7406314932383024 0 46da8700866542d08f2783abbad37614
1751143774709 0.7391675489920156 0 46da8700866542d08f2783abbad37614
1751143774732 0.7377320038420814 0 46da8700866542d08f2783abbad37614
1751143774754 0.7364173552085613 0 46da8700866542d08f2783abbad37614
1751143774773 0.7350887854894003 0 46da8700866542d08f2783abbad37614
1751143774792 0.7338483429724171 0 46da8700866542d08f2783abbad37614
1751143774812 0.7326295282691717 0 46da8700866542d08f2783abbad37614
1751143774832 0.7315442995591597 0 46da8700866542d08f2783abbad37614
1751143774852 0.7305009733228123 0 46da8700866542d08f2783abbad37614
1751143774871 0.7295049020222255 0 46da8700866542d08f2783abbad37614
1751143774891 0.7285422500636842 0 46da8700866542d08f2783abbad37614
1751143774913 0.7276737867174922 0 46da8700866542d08f2783abbad37614
1751143774933 0.7268410011341697 0 46da8700866542d08f2783abbad37614
1751143774952 0.7260399766457386 0 46da8700866542d08f2783abbad37614
1751143774972 0.7252295657992363 0 46da8700866542d08f2783abbad37614
1751143774992 0.7244639367592044 0 46da8700866542d08f2783abbad37614
1751143775014 0.7237216816062019 0 46da8700866542d08f2783abbad37614
1751143775036 0.7230019486227701 0 46da8700866542d08f2783abbad37614
1751143775057 0.7223056690259413 0 46da8700866542d08f2783abbad37614
1751143775078 0.7216430677307977 0 46da8700866542d08f2783abbad37614
1751143775102 0.7209957254969556 0 46da8700866542d08f2783abbad37614
1751143775124 0.7203358335697905 0 46da8700866542d08f2783abbad37614
1751143775145 0.7197124312321345 0 46da8700866542d08f2783abbad37614
1751143775167 0.7191259264945984 0 46da8700866542d08f2783abbad37614
1751143775191 0.718539583683014 0 46da8700866542d08f2783abbad37614
1751143775212 0.7179884817086014 0 46da8700866542d08f2783abbad37614
1751143775233 0.7174044790176245 0 46da8700866542d08f2783abbad37614
1751143775255 0.7168258867173825 0 46da8700866542d08f2783abbad37614
1751143775275 0.7162924342685275 0 46da8700866542d08f2783abbad37614
1751143775297 0.715788005698811 0 46da8700866542d08f2783abbad37614
1751143775318 0.7153088822960854 0 46da8700866542d08f2783abbad37614
1751143775338 0.7148719910989728 0 46da8700866542d08f2783abbad37614
1751143775358 0.7144316136837006 0 46da8700866542d08f2783abbad37614
1751143775377 0.7139983591386827 0 46da8700866542d08f2783abbad37614
1751143775399 0.7135765741268794 0 46da8700866542d08f2783abbad37614
1751143775419 0.7131665270836627 0 46da8700866542d08f2783abbad37614
1751143775441 0.7127629335849516 0 46da8700866542d08f2783abbad37614
1751143775463 0.7123535540368822 0 46da8700866542d08f2783abbad37614
1751143775486 0.7119796089828014 0 46da8700866542d08f2783abbad37614
1751143775507 0.7116174303568327 0 46da8700866542d08f2783abbad37614
1751143775529 0.7112671227166147 0 46da8700866542d08f2783abbad37614
1751143775551 0.7109678280887319 0 46da8700866542d08f2783abbad37614
1751143775573 0.7106659210780087 0 46da8700866542d08f2783abbad37614
1751143775593 0.7103978214056595 0 46da8700866542d08f2783abbad37614
1751143775616 0.710149108512061 0 46da8700866542d08f2783abbad37614
1751143775638 0.7099056294266607 0 46da8700866542d08f2783abbad37614
1751143775659 0.7096879465712441 0 46da8700866542d08f2783abbad37614
1751143775683 0.7094540644998419 0 46da8700866542d08f2783abbad37614
1751143775705 0.7092426217891075 0 46da8700866542d08f2783abbad37614
1751143775726 0.7090217685699463 0 46da8700866542d08f2783abbad37614
1751143775746 0.708785744874101 0 46da8700866542d08f2783abbad37614
1751143775768 0.7085407910408912 0 46da8700866542d08f2783abbad37614
1751143775788 0.7083055797295693 0 46da8700866542d08f2783abbad37614
1751143775809 0.708060881759547 0 46da8700866542d08f2783abbad37614
1751143775831 0.7078181944787503 0 46da8700866542d08f2783abbad37614
1751143775853 0.707566135459476 0 46da8700866542d08f2783abbad37614
1751143775876 0.707307302370304 0 46da8700866542d08f2783abbad37614
1751143775900 0.7070364650473537 0 46da8700866542d08f2783abbad37614
1751143775922 0.7067536009209496 0 46da8700866542d08f2783abbad37614
1751143775942 0.706482402717366 0 46da8700866542d08f2783abbad37614
1751143775963 0.706243252338365 0 46da8700866542d08f2783abbad37614
1751143775983 0.706011044568029 0 46da8700866542d08f2783abbad37614
1751143776005 0.7057769732041792 0 46da8700866542d08f2783abbad37614
1751143776031 0.705541681707575 0 46da8700866542d08f2783abbad37614
1751143776051 0.7053112162484063 0 46da8700866542d08f2783abbad37614
1751143776073 0.7050995171725095 0 46da8700866542d08f2783abbad37614
1751143776094 0.7048857374035794 0 46da8700866542d08f2783abbad37614
1751143776114 0.7046453657970634 0 46da8700866542d08f2783abbad37614
1751143776134 0.7044291547004212 0 46da8700866542d08f2783abbad37614
1751143776154 0.7041972674821553 0 46da8700866542d08f2783abbad37614
1751143776174 0.7039690458526214 0 46da8700866542d08f2783abbad37614
1751143776194 0.7037615984985509 0 46da8700866542d08f2783abbad37614
1751143776213 0.7035802079706776 0 46da8700866542d08f2783abbad37614
1751143776233 0.7033880605842128 0 46da8700866542d08f2783abbad37614
1751143776255 0.7032253617048263 0 46da8700866542d08f2783abbad37614
1751143776276 0.7030503041673415 0 46da8700866542d08f2783abbad37614
1751143776296 0.7028945468220056 0 46da8700866542d08f2783abbad37614
1751143776315 0.7027178898598384 0 46da8700866542d08f2783abbad37614
1751143776335 0.7025362092715043 0 46da8700866542d08f2783abbad37614
1751143776354 0.7023425045467558 0 46da8700866542d08f2783abbad37614
1751143776374 0.7021350118349183 0 46da8700866542d08f2783abbad37614
1751143776394 0.7019505066292309 0 46da8700866542d08f2783abbad37614
1751143776414 0.7017953611082501 0 46da8700866542d08f2783abbad37614
1751143776436 0.7016310664491916 0 46da8700866542d08f2783abbad37614
1751143776458 0.7014580715786327 0 46da8700866542d08f2783abbad37614
1751143776478 0.7013045871579969 0 46da8700866542d08f2783abbad37614
1751143776499 0.7011399513908795 0 46da8700866542d08f2783abbad37614
1751143776518 0.7009717236577937 0 46da8700866542d08f2783abbad37614
1751143776539 0.7008367933725056 0 46da8700866542d08f2783abbad37614
1751143776560 0.700707197189331 0 46da8700866542d08f2783abbad37614
1751143776580 0.700571368994384 0 46da8700866542d08f2783abbad37614
1751143776599 0.700445199624086 0 46da8700866542d08f2783abbad37614
1751143776621 0.7003207464339369 0 46da8700866542d08f2783abbad37614
1751143776642 0.700218580851034 0 46da8700866542d08f2783abbad37614
1751143776662 0.7000981057683627 0 46da8700866542d08f2783abbad37614
1751143776683 0.6999955265975195 0 46da8700866542d08f2783abbad37614
1751143776703 0.6998910894159411 0 46da8700866542d08f2783abbad37614
1751143776723 0.6997764745378882 0 46da8700866542d08f2783abbad37614
1751143776743 0.6996634381432687 0 46da8700866542d08f2783abbad37614
1751143776763 0.6995443768501282 0 46da8700866542d08f2783abbad37614
1751143776783 0.699443831330254 0 46da8700866542d08f2783abbad37614
1751143776806 0.6993394977464451 0 46da8700866542d08f2783abbad37614
1751143776827 0.699220263864845 0 46da8700866542d08f2783abbad37614
1751143776847 0.699087473773217 0 46da8700866542d08f2783abbad37614
1751143776867 0.6989452045697432 0 46da8700866542d08f2783abbad37614
1751143776887 0.6987982355911313 0 46da8700866542d08f2783abbad37614
1751143776907 0.6986422583912358 0 46da8700866542d08f2783abbad37614
1751143776927 0.6985255529109696 0 46da8700866542d08f2783abbad37614
1751143776949 0.6983961569729136 0 46da8700866542d08f2783abbad37614
1751143776969 0.6982595920562744 0 46da8700866542d08f2783abbad37614
1751143776992 0.6981412400217617 0 46da8700866542d08f2783abbad37614
1751143777014 0.6980192395892456 0 46da8700866542d08f2783abbad37614
1751143777034 0.6978933621143949 0 46da8700866542d08f2783abbad37614
1751143777055 0.6977627907725547 0 46da8700866542d08f2783abbad37614
1751143777075 0.6976265192031861 0 46da8700866542d08f2783abbad37614
1751143777097 0.697479784488678 0 46da8700866542d08f2783abbad37614
1751143777118 0.6973406479392253 0 46da8700866542d08f2783abbad37614
1751143777139 0.6971909220402057 0 46da8700866542d08f2783abbad37614
1751143777161 0.697044625878334 0 46da8700866542d08f2783abbad37614
1751143777186 0.696897945732906 0 46da8700866542d08f2783abbad37614
1751143777209 0.6967729436208124 0 46da8700866542d08f2783abbad37614
1751143777230 0.6966473030395248 0 46da8700866542d08f2783abbad37614
1751143777252 0.6965185875022734 0 46da8700866542d08f2783abbad37614
1751143777273 0.6964007816058677 0 46da8700866542d08f2783abbad37614
1751143777296 0.6963003281752268 0 46da8700866542d08f2783abbad37614
1751143777318 0.696189374718445 0 46da8700866542d08f2783abbad37614
1751143777339 0.6960774126805758 0 46da8700866542d08f2783abbad37614
1751143777363 0.6959564884503683 0 46da8700866542d08f2783abbad37614
1751143777389 0.6958286599679426 0 46da8700866542d08f2783abbad37614
1751143777414 0.6957176043141273 0 46da8700866542d08f2783abbad37614
1751143777441 0.6956261384945649 0 46da8700866542d08f2783abbad37614
1751143777470 0.6955394536066967 0 46da8700866542d08f2783abbad37614
1751143777499 0.695468915036962 0 46da8700866542d08f2783abbad37614
1751143777533 0.6953876685796294 0 46da8700866542d08f2783abbad37614
1751143777564 0.6953002721071243 0 46da8700866542d08f2783abbad37614
1751143777603 0.6952067787602821 0 46da8700866542d08f2783abbad37614
1751143777645 0.6951018803649478 0 46da8700866542d08f2783abbad37614
1751143777704 0.6949900790957585 0 46da8700866542d08f2783abbad37614
1751143777752 0.694870395267882 0 46da8700866542d08f2783abbad37614
1751143777790 0.6947508414586385 0 46da8700866542d08f2783abbad37614
1751143777823 0.6946277033133679 0 46da8700866542d08f2783abbad37614
1751143777854 0.6944958942379066 0 46da8700866542d08f2783abbad37614
1751143777881 0.6943549648636863 0 46da8700866542d08f2783abbad37614
1751143777907 0.6942147661948345 0 46da8700866542d08f2783abbad37614
1751143777932 0.6940671822604011 0 46da8700866542d08f2783abbad37614
1751143777957 0.6939192107546399 0 46da8700866542d08f2783abbad37614
1751143777985 0.693782010050707 0 46da8700866542d08f2783abbad37614
1751143778010 0.6936475717263415 0 46da8700866542d08f2783abbad37614
1751143778034 0.6935108249214874 0 46da8700866542d08f2783abbad37614
1751143778058 0.693361873286111 0 46da8700866542d08f2783abbad37614
1751143778082 0.6932045156982812 0 46da8700866542d08f2783abbad37614
1751143778105 0.6930650452436027 0 46da8700866542d08f2783abbad37614
1751143778127 0.6929145123851433 0 46da8700866542d08f2783abbad37614
1751143778148 0.6927525640865944 0 46da8700866542d08f2783abbad37614
1751143778173 0.6926092482275433 0 46da8700866542d08f2783abbad37614
1751143778195 0.692486134352605 0 46da8700866542d08f2783abbad37614
1751143778220 0.6923676558903286 0 46da8700866542d08f2783abbad37614
1751143778244 0.692262879160584 0 46da8700866542d08f2783abbad37614
1751143778269 0.6921540997598482 0 46da8700866542d08f2783abbad37614
1751143778295 0.6920483263763222 0 46da8700866542d08f2783abbad37614
1751143778320 0.6919455999328245 0 46da8700866542d08f2783abbad37614
1751143778344 0.6918415137153259 0 46da8700866542d08f2783abbad37614
1751143778372 0.6917404294648068 0 46da8700866542d08f2783abbad37614
1751143778397 0.6916440801014976 0 46da8700866542d08f2783abbad37614
1751143778422 0.6915404479754599 0 46da8700866542d08f2783abbad37614
1751143778446 0.6914250891246096 0 46da8700866542d08f2783abbad37614
1751143778471 0.6913029306257764 0 46da8700866542d08f2783abbad37614
1751143778496 0.6911822044787629 0 46da8700866542d08f2783abbad37614
1751143778521 0.691057541013993 0 46da8700866542d08f2783abbad37614
1751143778546 0.690922946196336 0 46da8700866542d08f2783abbad37614
1751143778574 0.690795223931877 0 46da8700866542d08f2783abbad37614
1751143778599 0.6906607514105473 0 46da8700866542d08f2783abbad37614
1751143778625 0.6905354056695495 0 46da8700866542d08f2783abbad37614
1751143778650 0.6904005935443706 0 46da8700866542d08f2783abbad37614
1751143778674 0.6902611318230629 0 46da8700866542d08f2783abbad37614
1751143778699 0.6901208604153116 0 46da8700866542d08f2783abbad37614
1751143778725 0.6899835505697987 0 46da8700866542d08f2783abbad37614
1751143778750 0.6898459210771645 0 46da8700866542d08f2783abbad37614
1751143778777 0.6897024582414066 0 46da8700866542d08f2783abbad37614
1751143778800 0.6895487224183432 0 46da8700866542d08f2783abbad37614
1751143778823 0.6893815751214629 0 46da8700866542d08f2783abbad37614
1751143778846 0.6892332901125369 0 46da8700866542d08f2783abbad37614
1751143778869 0.6890894658863544 0 46da8700866542d08f2783abbad37614
1751143778893 0.6889381682473507 0 46da8700866542d08f2783abbad37614
1751143778919 0.688777232170105 0 46da8700866542d08f2783abbad37614
1751143778943 0.6886180286158883 0 46da8700866542d08f2783abbad37614
1751143778972 0.6884555437092511 0 46da8700866542d08f2783abbad37614
1751143778995 0.6882881189176174 0 46da8700866542d08f2783abbad37614
1751143779017 0.6881142840764233 0 46da8700866542d08f2783abbad37614
1751143779039 0.6879614649817001 0 46da8700866542d08f2783abbad37614
1751143779061 0.6878159451815817 0 46da8700866542d08f2783abbad37614
1751143779082 0.6876778608093613 0 46da8700866542d08f2783abbad37614
1751143779104 0.6875591365569228 0 46da8700866542d08f2783abbad37614
1751143779126 0.6874530217418932 0 46da8700866542d08f2783abbad37614
1751143779151 0.6873333822597157 0 46da8700866542d08f2783abbad37614
1751143779174 0.6872028395600988 0 46da8700866542d08f2783abbad37614
1751143779196 0.6870749310867207 0 46da8700866542d08f2783abbad37614
1751143779219 0.686941193358246 0 46da8700866542d08f2783abbad37614
1751143779241 0.6867980914456504 0 46da8700866542d08f2783abbad37614
1751143779263 0.6866614243719313 0 46da8700866542d08f2783abbad37614
1751143779285 0.6865140273507717 0 46da8700866542d08f2783abbad37614
1751143779308 0.6863627578193395 0 46da8700866542d08f2783abbad37614
1751143779332 0.6862208351754305 0 46da8700866542d08f2783abbad37614
1751143779356 0.6860696795725927 0 46da8700866542d08f2783abbad37614
1751143779378 0.6859240715918333 0 46da8700866542d08f2783abbad37614
1751143779402 0.6857770072433339 0 46da8700866542d08f2783abbad37614
1751143779424 0.6856529949040249 0 46da8700866542d08f2783abbad37614
1751143779446 0.6855511918600025 0 46da8700866542d08f2783abbad37614
1751143779469 0.6854402086673639 0 46da8700866542d08f2783abbad37614
1751143779491 0.6853272808359024 0 46da8700866542d08f2783abbad37614
1751143779518 0.685229881082551 0 46da8700866542d08f2783abbad37614
1751143779540 0.6851374061801766 0 46da8700866542d08f2783abbad37614
1751143779564 0.6850375034728972 0 46da8700866542d08f2783abbad37614
1751143779586 0.6849276111714511 0 46da8700866542d08f2783abbad37614
1751143779608 0.6848213424285253 0 46da8700866542d08f2783abbad37614
1751143779631 0.6847048938521706 0 46da8700866542d08f2783abbad37614
1751143779653 0.6845780231735923 0 46da8700866542d08f2783abbad37614
1751143779676 0.6844480815247743 0 46da8700866542d08f2783abbad37614
1751143779702 0.6843205966421815 0 46da8700866542d08f2783abbad37614
1751143779726 0.684186391927758 0 46da8700866542d08f2783abbad37614
1751143779748 0.684044588387497 0 46da8700866542d08f2783abbad37614
1751143779770 0.6839066816245013 0 46da8700866542d08f2783abbad37614
1751143779792 0.6837619865132917 0 46da8700866542d08f2783abbad37614
1751143779814 0.6836426430437939 0 46da8700866542d08f2783abbad37614
1751143779837 0.6835153763294219 0 46da8700866542d08f2783abbad37614
1751143779859 0.6833887475420279 0 46da8700866542d08f2783abbad37614
1751143779884 0.6832619602718051 0 46da8700866542d08f2783abbad37614
1751143779907 0.6831424787581674 0 46da8700866542d08f2783abbad37614
1751143779930 0.6830120609970544 0 46da8700866542d08f2783abbad37614
1751143779953 0.6829088746332654 0 46da8700866542d08f2783abbad37614
1751143779976 0.6827966189011931 0 46da8700866542d08f2783abbad37614
1751143780002 0.6826743838388168 0 46da8700866542d08f2783abbad37614
1751143780027 0.6825396175994429 0 46da8700866542d08f2783abbad37614
1751143780052 0.6824294395428366 0 46da8700866542d08f2783abbad37614
1751143780080 0.6823416012984056 0 46da8700866542d08f2783abbad37614
1751143780107 0.6822579155936552 0 46da8700866542d08f2783abbad37614
1751143780132 0.6821697973113023 0 46da8700866542d08f2783abbad37614
1751143780157 0.6820722813841961 0 46da8700866542d08f2783abbad37614
1751143780182 0.6819956201043996 0 46da8700866542d08f2783abbad37614
1751143780208 0.6819120672513854 0 46da8700866542d08f2783abbad37614
1751143780233 0.6818207152804038 0 46da8700866542d08f2783abbad37614
1751143780258 0.6817318799343894 0 46da8700866542d08f2783abbad37614
1751143780288 0.6816441456773388 0 46da8700866542d08f2783abbad37614
1751143780315 0.6815721381552601 0 46da8700866542d08f2783abbad37614
1751143780344 0.6815052014810068 0 46da8700866542d08f2783abbad37614
1751143780374 0.6814362373739151 0 46da8700866542d08f2783abbad37614
1751143780403 0.6813540618647548 0 46da8700866542d08f2783abbad37614
1751143780432 0.6812668075928321 0 46da8700866542d08f2783abbad37614
1751143780462 0.6811738162145128 0 46da8700866542d08f2783abbad37614
1751143780492 0.6810885871540416 0 46da8700866542d08f2783abbad37614
1751143780526 0.6810219464958578 0 46da8700866542d08f2783abbad37614
1751143780561 0.6809550883107237 0 46da8700866542d08f2783abbad37614
1751143780591 0.6808771231620432 0 46da8700866542d08f2783abbad37614
1751143780623 0.6808177664288483 0 46da8700866542d08f2783abbad37614
1751143780652 0.6807751453348568 0 46da8700866542d08f2783abbad37614
1751143780677 0.6807200618061731 0 46da8700866542d08f2783abbad37614
1751143780701 0.6806568923994158 0 46da8700866542d08f2783abbad37614
1751143780726 0.6805854831483255 0 46da8700866542d08f2783abbad37614
1751143780752 0.6805121594331633 0 46da8700866542d08f2783abbad37614
1751143780775 0.6804307810047217 0 46da8700866542d08f2783abbad37614
1751143780797 0.680346612538491 0 46da8700866542d08f2783abbad37614
1751143780818 0.6802677391713504 0 46da8700866542d08f2783abbad37614
1751143780841 0.6802007235172722 0 46da8700866542d08f2783abbad37614
1751143780863 0.6801220153854792 0 46da8700866542d08f2783abbad37614
1751143780885 0.6800521316199467 0 46da8700866542d08f2783abbad37614
1751143780907 0.6799731740017527 0 46da8700866542d08f2783abbad37614
1751143780932 0.6798861394189808 0 46da8700866542d08f2783abbad37614
1751143780955 0.6798178150792171 0 46da8700866542d08f2783abbad37614
1751143780977 0.6797449365765059 0 46da8700866542d08f2783abbad37614
1751143780999 0.6796638072547266 0 46da8700866542d08f2783abbad37614
1751143781021 0.6795890389664753 0 46da8700866542d08f2783abbad37614
1751143781043 0.6795079039804863 0 46da8700866542d08f2783abbad37614
1751143781065 0.6794155018041598 0 46da8700866542d08f2783abbad37614
1751143781086 0.6793413317721823 0 46da8700866542d08f2783abbad37614
1751143781111 0.6792628280321757 0 46da8700866542d08f2783abbad37614
1751143781134 0.6791746846069133 0 46da8700866542d08f2783abbad37614
1751143781157 0.679095136803507 0 46da8700866542d08f2783abbad37614
1751143781181 0.6790070026227744 0 46da8700866542d08f2783abbad37614
1751143781204 0.6789401220647913 0 46da8700866542d08f2783abbad37614
1751143781228 0.6788902454688901 0 46da8700866542d08f2783abbad37614
1751143781251 0.6788353565471624 0 46da8700866542d08f2783abbad37614
1751143781274 0.678774868432396 0 46da8700866542d08f2783abbad37614
1751143781301 0.6787106692790985 0 46da8700866542d08f2783abbad37614
1751143781325 0.6786540667601774 0 46da8700866542d08f2783abbad37614
1751143781349 0.678603902363008 0 46da8700866542d08f2783abbad37614
1751143781373 0.6785677981913282 0 46da8700866542d08f2783abbad37614
1751143781396 0.6785380912896914 0 46da8700866542d08f2783abbad37614
1751143781420 0.6784997016857988 0 46da8700866542d08f2783abbad37614
1751143781443 0.6784512375950054 0 46da8700866542d08f2783abbad37614
1751143781466 0.6783939993570721 0 46da8700866542d08f2783abbad37614
1751143781491 0.6783278112924551 0 46da8700866542d08f2783abbad37614
1751143781515 0.6782795745491605 0 46da8700866542d08f2783abbad37614
1751143781539 0.6782234794688675 0 46da8700866542d08f2783abbad37614
1751143781562 0.6781581389866652 0 46da8700866542d08f2783abbad37614
1751143781585 0.6780843576416373 0 46da8700866542d08f2783abbad37614
1751143781608 0.678007525632686 0 46da8700866542d08f2783abbad37614
1751143781631 0.6779304746515262 0 46da8700866542d08f2783abbad37614
1751143781655 0.6778463431556159 0 46da8700866542d08f2783abbad37614
1751143781681 0.6777606416999558 0 46da8700866542d08f2783abbad37614
1751143781705 0.6776752503101642 0 46da8700866542d08f2783abbad37614
1751143781728 0.6775948434519622 0 46da8700866542d08f2783abbad37614
1751143781751 0.6775323781398458 0 46da8700866542d08f2783abbad37614
1751143781774 0.6774654782763342 0 46da8700866542d08f2783abbad37614
1751143781798 0.6773892204449894 0 46da8700866542d08f2783abbad37614
1751143781821 0.6773120802460295 0 46da8700866542d08f2783abbad37614
1751143781844 0.6772360301089791 0 46da8700866542d08f2783abbad37614
1751143781871 0.6771582264498056 0 46da8700866542d08f2783abbad37614
1751143781894 0.6770707282934103 0 46da8700866542d08f2783abbad37614
1751143781917 0.6769752304354114 0 46da8700866542d08f2783abbad37614
1751143781941 0.6768711903202 0 46da8700866542d08f2783abbad37614
1751143781965 0.6767718689072699 0 46da8700866542d08f2783abbad37614
1751143781989 0.6766890621680535 0 46da8700866542d08f2783abbad37614
1751143782013 0.6765968423975995 0 46da8700866542d08f2783abbad37614
1751143782036 0.6765033708209485 0 46da8700866542d08f2783abbad37614
1751143782063 0.6764117461793563 0 46da8700866542d08f2783abbad37614
1751143782087 0.6763136968934291 0 46da8700866542d08f2783abbad37614
1751143782110 0.6762071377352664 0 46da8700866542d08f2783abbad37614
1751143782134 0.6760960447197405 0 46da8700866542d08f2783abbad37614
1751143782159 0.6759783795406652 0 46da8700866542d08f2783abbad37614
1751143782182 0.6758550552354343 0 46da8700866542d08f2783abbad37614
1751143782205 0.6757285674183355 0 46da8700866542d08f2783abbad37614
1751143782229 0.6755933089970855 0 46da8700866542d08f2783abbad37614
1751143782256 0.675460457116708 0 46da8700866542d08f2783abbad37614
1751143782281 0.6753260518896546 0 46da8700866542d08f2783abbad37614
1751143782305 0.6752084081513541 0 46da8700866542d08f2783abbad37614
1751143782329 0.6750842984924968 0 46da8700866542d08f2783abbad37614
1751143782353 0.6749593136324123 0 46da8700866542d08f2783abbad37614
1751143782377 0.6748307945032633 0 46da8700866542d08f2783abbad37614
1751143782400 0.6747114422631129 0 46da8700866542d08f2783abbad37614
1751143782424 0.6745843229159503 0 46da8700866542d08f2783abbad37614
1751143782449 0.6744602575395884 0 46da8700866542d08f2783abbad37614
1751143782478 0.6744602575395884 0 46da8700866542d08f2783abbad37614
1751143782499 0.6744602575395884 0 46da8700866542d08f2783abbad37614
1751143782519 0.6744602575395884 0 46da8700866542d08f2783abbad37614
1751143782650 0.6744602575395884 0 46da8700866542d08f2783abbad37614
1751143782686 0.6744602575395884 0 46da8700866542d08f2783abbad37614
1751143782702 0.6744602575395884 0 46da8700866542d08f2783abbad37614
1751143782718 0.6744602575395884 0 46da8700866542d08f2783abbad37614
1751143782733 0.6744602575395884 0 46da8700866542d08f2783abbad37614
1751143782750 0.6744602575395884 0 46da8700866542d08f2783abbad37614
1751143782766 0.6744602575395884 0 46da8700866542d08f2783abbad37614
1751143782782 0.6744602575395884 0 46da8700866542d08f2783abbad37614
1751143782796 0.6744602575395884 0 46da8700866542d08f2783abbad37614
1751143782811 0.6744602575395884 0 46da8700866542d08f2783abbad37614
1751143782828 0.6744602575395884 0 46da8700866542d08f2783abbad37614
1751143782845 0.6744602575395884 0 46da8700866542d08f2783abbad37614
1751143782860 0.6744602575395884 0 46da8700866542d08f2783abbad37614
1751143782876 0.6744602575395884 0 46da8700866542d08f2783abbad37614
1751143782891 0.6744602575395884 0 46da8700866542d08f2783abbad37614
1751143782906 0.6744602575395884 0 46da8700866542d08f2783abbad37614
1751143782921 0.6744602575395884 0 46da8700866542d08f2783abbad37614
1751143782938 0.6744602575395884 0 46da8700866542d08f2783abbad37614
1751143782954 0.6744602575395884 0 46da8700866542d08f2783abbad37614
1751143782970 0.6744602575395884 0 46da8700866542d08f2783abbad37614
1751143782986 0.6744602575395884 0 46da8700866542d08f2783abbad37614
1751143783001 0.6744602575395884 0 46da8700866542d08f2783abbad37614
1751143783016 0.6744602575395884 0 46da8700866542d08f2783abbad37614
1751143783032 0.6744602575395884 0 46da8700866542d08f2783abbad37614
1751143783048 0.6744602575395884 0 46da8700866542d08f2783abbad37614
1751143783066 0.6744602575395884 0 46da8700866542d08f2783abbad37614
1751143783082 0.6744602575395884 0 46da8700866542d08f2783abbad37614
1751143783098 0.6744602575395884 0 46da8700866542d08f2783abbad37614
1751143783114 0.6744602575395884 0 46da8700866542d08f2783abbad37614
1751143783128 0.6744602575395884 0 46da8700866542d08f2783abbad37614
1751143783143 0.6744602575395884 0 46da8700866542d08f2783abbad37614
1751143783160 0.6744602575395884 0 46da8700866542d08f2783abbad37614
1751143783175 0.6744602575395884 0 46da8700866542d08f2783abbad37614
1751143783191 0.6744602575395884 0 46da8700866542d08f2783abbad37614
1751143783208 0.6744602575395884 0 46da8700866542d08f2783abbad37614
1751143783225 0.6744602575395884 0 46da8700866542d08f2783abbad37614
1751143783241 0.6744602575395884 0 46da8700866542d08f2783abbad37614
1751143783257 0.6744602575395884 0 46da8700866542d08f2783abbad37614
1751143783273 0.6744602575395884 0 46da8700866542d08f2783abbad37614
1751143783288 0.6744602575395884 0 46da8700866542d08f2783abbad37614
1751143783305 0.6744602575395884 0 46da8700866542d08f2783abbad37614
1751143783321 0.6744602575395884 0 46da8700866542d08f2783abbad37614
1751143783336 0.6744602575395884 0 46da8700866542d08f2783abbad37614
1751143783354 0.6744602575395884 0 46da8700866542d08f2783abbad37614
1751143783371 0.6744602575395884 0 46da8700866542d08f2783abbad37614
1751143783387 0.6744602575395884 0 46da8700866542d08f2783abbad37614
1751143783402 0.6744602575395884 0 46da8700866542d08f2783abbad37614
1751143783418 0.6744602575395884 0 46da8700866542d08f2783abbad37614
1751143783435 0.6744602575395884 0 46da8700866542d08f2783abbad37614
1751143783451 0.6744602575395884 0 46da8700866542d08f2783abbad37614
1751143783468 0.6744602575395884 0 46da8700866542d08f2783abbad37614
1751143783485 0.6744602575395884 0 46da8700866542d08f2783abbad37614
1751143783502 0.6744602575395884 0 46da8700866542d08f2783abbad37614
1751143783521 0.6744602575395884 0 46da8700866542d08f2783abbad37614
1751143783540 0.6744602575395884 0 46da8700866542d08f2783abbad37614
1751143783561 0.6744602575395884 0 46da8700866542d08f2783abbad37614
1751143783581 0.6744602575395884 0 46da8700866542d08f2783abbad37614
1751143783602 0.6744602575395884 0 46da8700866542d08f2783abbad37614
1751143783622 0.6744602575395884 0 46da8700866542d08f2783abbad37614
1751143783639 0.6744602575395884 0 46da8700866542d08f2783abbad37614
1751143783659 0.6744602575395884 0 46da8700866542d08f2783abbad37614
1751143783676 0.6744602575395884 0 46da8700866542d08f2783abbad37614
1751143783693 0.6744602575395884 0 46da8700866542d08f2783abbad37614
1751143783712 0.6744602575395884 0 46da8700866542d08f2783abbad37614
1751143783730 0.6744602575395884 0 46da8700866542d08f2783abbad37614
1751143783746 0.6744602575395884 0 46da8700866542d08f2783abbad37614
1751143783764 0.6744602575395884 0 46da8700866542d08f2783abbad37614
1751143783781 0.6744602575395884 0 46da8700866542d08f2783abbad37614
1751143783797 0.6744602575395884 0 46da8700866542d08f2783abbad37614
1751143783814 0.6744602575395884 0 46da8700866542d08f2783abbad37614
1751143783832 0.6744602575395884 0 46da8700866542d08f2783abbad37614
1751143783848 0.6744602575395884 0 46da8700866542d08f2783abbad37614
1751143783865 0.6744602575395884 0 46da8700866542d08f2783abbad37614
1751143783885 0.6744602575395884 0 46da8700866542d08f2783abbad37614
1751143783903 0.6744602575395884 0 46da8700866542d08f2783abbad37614
1751143783920 0.6744602575395884 0 46da8700866542d08f2783abbad37614
1751143783937 0.6744602575395884 0 46da8700866542d08f2783abbad37614
1751143783955 0.6744602575395884 0 46da8700866542d08f2783abbad37614
1751143783972 0.6744602575395884 0 46da8700866542d08f2783abbad37614
1751143783990 0.6744602575395884 0 46da8700866542d08f2783abbad37614
1751143784007 0.6744602575395884 0 46da8700866542d08f2783abbad37614
1751143784024 0.6744602575395884 0 46da8700866542d08f2783abbad37614
1751143784040 0.6744602575395884 0 46da8700866542d08f2783abbad37614
1751143784060 0.6744602575395884 0 46da8700866542d08f2783abbad37614
1751143784080 0.6744602575395884 0 46da8700866542d08f2783abbad37614
1751143784898 0.6744602575395884 0 46da8700866542d08f2783abbad37614
