1751146943423 0.5440099835395813 0 aa4fbced0ea84f2cbbc91e10a6815bcf
1751146943483 0.5283734798431396 0 aa4fbced0ea84f2cbbc91e10a6815bcf
1751146943541 0.5336503783861796 0 aa4fbced0ea84f2cbbc91e10a6815bcf
1751146943600 0.5225148797035217 0 aa4fbced0ea84f2cbbc91e10a6815bcf
1751146943656 0.5211187839508057 0 aa4fbced0ea84f2cbbc91e10a6815bcf
1751146943713 0.5227784117062887 0 aa4fbced0ea84f2cbbc91e10a6815bcf
1751146943776 0.5241828390530178 0 aa4fbced0ea84f2cbbc91e10a6815bcf
1751146943834 0.5267356932163239 0 aa4fbced0ea84f2cbbc91e10a6815bcf
1751146943895 0.5297631820042928 0 aa4fbced0ea84f2cbbc91e10a6815bcf
1751146943954 0.5303169906139373 0 aa4fbced0ea84f2cbbc91e10a6815bcf
1751146944012 0.5295125516978177 0 aa4fbced0ea84f2cbbc91e10a6815bcf
1751146944068 0.5298951069513956 0 aa4fbced0ea84f2cbbc91e10a6815bcf
1751146944127 0.5324329642149118 0 aa4fbced0ea84f2cbbc91e10a6815bcf
1751146944183 0.5360660212380546 0 aa4fbced0ea84f2cbbc91e10a6815bcf
1751146944245 0.5398732781410217 0 aa4fbced0ea84f2cbbc91e10a6815bcf
1751146944304 0.5421268530189991 0 aa4fbced0ea84f2cbbc91e10a6815bcf
1751146944366 0.5436790164779214 0 aa4fbced0ea84f2cbbc91e10a6815bcf
1751146944555 0.5450917051898109 0 aa4fbced0ea84f2cbbc91e10a6815bcf
1751146944613 0.5467274157624495 0 aa4fbced0ea84f2cbbc91e10a6815bcf
1751146944676 0.5481426537036895 0 aa4fbced0ea84f2cbbc91e10a6815bcf
1751146944734 0.5487812133062453 0 aa4fbced0ea84f2cbbc91e10a6815bcf
1751146944794 0.5495019311254675 0 aa4fbced0ea84f2cbbc91e10a6815bcf
1751146944848 0.5500785449276799 0 aa4fbced0ea84f2cbbc91e10a6815bcf
1751146944907 0.5502557307481766 0 aa4fbced0ea84f2cbbc91e10a6815bcf
1751146944961 0.5499544024467469 0 aa4fbced0ea84f2cbbc91e10a6815bcf
1751146945019 0.5493402274755331 0 aa4fbced0ea84f2cbbc91e10a6815bcf
1751146945074 0.5488560773708202 0 aa4fbced0ea84f2cbbc91e10a6815bcf
1751146945131 0.548357401575361 0 aa4fbced0ea84f2cbbc91e10a6815bcf
1751146945184 0.5476531817995268 0 aa4fbced0ea84f2cbbc91e10a6815bcf
1751146945240 0.5468864699204763 0 aa4fbced0ea84f2cbbc91e10a6815bcf
1751146945294 0.5458123107110301 0 aa4fbced0ea84f2cbbc91e10a6815bcf
1751146945353 0.5448808334767818 0 aa4fbced0ea84f2cbbc91e10a6815bcf
1751146945410 0.5438370722712893 0 aa4fbced0ea84f2cbbc91e10a6815bcf
1751146945471 0.5427265903528999 0 aa4fbced0ea84f2cbbc91e10a6815bcf
1751146945530 0.5418492146900722 0 aa4fbced0ea84f2cbbc91e10a6815bcf
1751146945588 0.540997690624661 0 aa4fbced0ea84f2cbbc91e10a6815bcf
1751146945645 0.540417450505334 0 aa4fbced0ea84f2cbbc91e10a6815bcf
1751146945708 0.5399918822865737 0 aa4fbced0ea84f2cbbc91e10a6815bcf
1751146945767 0.5394248763720194 0 aa4fbced0ea84f2cbbc91e10a6815bcf
1751146945827 0.5388918429613113 0 aa4fbced0ea84f2cbbc91e10a6815bcf
1751146945901 0.5383809645001482 0 aa4fbced0ea84f2cbbc91e10a6815bcf
1751146945980 0.5380984473796118 0 aa4fbced0ea84f2cbbc91e10a6815bcf
1751146946058 0.5378191124561221 0 aa4fbced0ea84f2cbbc91e10a6815bcf
1751146946134 0.5376183648001064 0 aa4fbced0ea84f2cbbc91e10a6815bcf
1751146946204 0.5375756594869826 0 aa4fbced0ea84f2cbbc91e10a6815bcf
1751146946261 0.5375847712807034 0 aa4fbced0ea84f2cbbc91e10a6815bcf
1751146946321 0.537487452334546 0 aa4fbced0ea84f2cbbc91e10a6815bcf
1751146946381 0.5376392814020315 0 aa4fbced0ea84f2cbbc91e10a6815bcf
1751146946437 0.537607234351489 0 aa4fbced0ea84f2cbbc91e10a6815bcf
1751146946498 0.5375739920139313 0 aa4fbced0ea84f2cbbc91e10a6815bcf
1751146946554 0.537632730661654 0 aa4fbced0ea84f2cbbc91e10a6815bcf
1751146946611 0.5375852538989141 0 aa4fbced0ea84f2cbbc91e10a6815bcf
1751146946684 0.5374845266342163 0 aa4fbced0ea84f2cbbc91e10a6815bcf
1751146946754 0.5373235168280425 0 aa4fbced0ea84f2cbbc91e10a6815bcf
1751146946833 0.5371782096949491 0 aa4fbced0ea84f2cbbc91e10a6815bcf
1751146946903 0.5371271137680326 0 aa4fbced0ea84f2cbbc91e10a6815bcf
1751146946966 0.5369920385511298 0 aa4fbced0ea84f2cbbc91e10a6815bcf
1751146947036 0.5368138839458597 0 aa4fbced0ea84f2cbbc91e10a6815bcf
1751146947127 0.5366764876802089 0 aa4fbced0ea84f2cbbc91e10a6815bcf
1751146947224 0.5366231272617976 0 aa4fbced0ea84f2cbbc91e10a6815bcf
1751146947327 0.536544810553066 0 aa4fbced0ea84f2cbbc91e10a6815bcf
1751146947458 0.5365303302964857 0 aa4fbced0ea84f2cbbc91e10a6815bcf
1751146947577 0.5364150442774334 0 aa4fbced0ea84f2cbbc91e10a6815bcf
1751146947689 0.5362668363377452 0 aa4fbced0ea84f2cbbc91e10a6815bcf
1751146947779 0.5360597436244671 0 aa4fbced0ea84f2cbbc91e10a6815bcf
1751146947902 0.5358652987263419 0 aa4fbced0ea84f2cbbc91e10a6815bcf
1751146948025 0.5356099596664087 0 aa4fbced0ea84f2cbbc91e10a6815bcf
1751146948110 0.5353810752139372 0 aa4fbced0ea84f2cbbc91e10a6815bcf
1751146948175 0.5351282660511957 0 aa4fbced0ea84f2cbbc91e10a6815bcf
1751146948242 0.5348420236791883 0 aa4fbced0ea84f2cbbc91e10a6815bcf
1751146948310 0.5345055788335665 0 aa4fbced0ea84f2cbbc91e10a6815bcf
1751146948439 0.5340733917223083 0 aa4fbced0ea84f2cbbc91e10a6815bcf
1751146948804 0.5340733917223083 0 aa4fbced0ea84f2cbbc91e10a6815bcf
1751146948856 0.5340733917223083 0 aa4fbced0ea84f2cbbc91e10a6815bcf
1751146948908 0.5340733917223083 0 aa4fbced0ea84f2cbbc91e10a6815bcf
1751146948957 0.5340733917223083 0 aa4fbced0ea84f2cbbc91e10a6815bcf
1751146949008 0.5340733917223083 0 aa4fbced0ea84f2cbbc91e10a6815bcf
1751146949058 0.5340733917223083 0 aa4fbced0ea84f2cbbc91e10a6815bcf
1751146949109 0.5340733917223083 0 aa4fbced0ea84f2cbbc91e10a6815bcf
1751146949160 0.5340733917223083 0 aa4fbced0ea84f2cbbc91e10a6815bcf
1751146949210 0.5340733917223083 0 aa4fbced0ea84f2cbbc91e10a6815bcf
1751146949260 0.5340733917223083 0 aa4fbced0ea84f2cbbc91e10a6815bcf
1751146949309 0.5340733917223083 0 aa4fbced0ea84f2cbbc91e10a6815bcf
1751146949358 0.5340733917223083 0 aa4fbced0ea84f2cbbc91e10a6815bcf
1751146949405 0.5340733917223083 0 aa4fbced0ea84f2cbbc91e10a6815bcf
1751146949454 0.5340733917223083 0 aa4fbced0ea84f2cbbc91e10a6815bcf
1751146949503 0.5340733917223083 0 aa4fbced0ea84f2cbbc91e10a6815bcf
1751146949552 0.5340733917223083 0 aa4fbced0ea84f2cbbc91e10a6815bcf
1751146949941 0.5340733917223083 0 aa4fbced0ea84f2cbbc91e10a6815bcf
